,hband,lband,w
747180,9523.333333333334,9503.333333333334,0.21023125437981777
747181,9517.583333333334,9507.083333333334,0.11038301152889231
747182,9521.444444444445,9507.111111111111,0.15065077631863857
747183,9522.333333333334,9506.333333333334,0.1681673264898574
747184,9527.7,9501.9,0.27115651406231445
747185,9528.388888888889,9504.222222222223,0.2539500915095955
747186,9529.214285714286,9506.214285714286,0.2416546589817483
747187,9529.166666666666,9508.916666666666,0.21273149870653998
747188,9529.388888888889,9510.5,0.19841385629000888
747189,9529.433333333332,9511.633333333333,0.18696431572460165
747190,9529.954545454546,9511.954545454546,0.18905667403478452
747191,9529.222222222223,9511.472222222223,0.18644277971887696
747192,9527.820512820514,9511.435897435898,0.172114026215739
747193,9526.67857142857,9511.392857142857,0.1605804909710938
747194,9525.68888888889,9511.355555555556,0.1505835989947149
747195,9524.91111111111,9511.844444444443,0.13727829438724112
747196,9524.899999999998,9511.833333333332,0.13727845463681476
747197,9524.52222222222,9511.922222222222,0.13237766156143413
747198,9525.088888888888,9512.088888888888,0.13657486578893
747199,9524.077777777777,9513.544444444444,0.11065807704743198
747200,9523.555555555555,9514.088888888888,0.09945207973909514
747201,9523.033333333333,9514.433333333332,0.090348155566921
747202,9522.822222222221,9514.22222222222,0.09035015939682899
747203,9522.455555555554,9514.322222222221,0.08544863451447657
747204,9522.244444444443,9514.51111111111,0.08124633749448691
747205,9522.111111111108,9513.911111111109,0.08615245248480972
747206,9522.499999999998,9514.833333333332,0.08054349348647635
747207,9523.43333333333,9515.366666666665,0.08473923426545474
747208,9524.766666666665,9515.166666666664,0.10084068921810334
747209,9525.722222222219,9514.988888888885,0.11274088736181913
747210,9525.966666666665,9514.966666666665,0.11554055473471189
747211,9526.21111111111,9514.944444444443,0.11834015675985798
747212,9526.233333333334,9515.033333333333,0.1176392326841078
747213,9525.233333333334,9515.833333333334,0.09873396448377861
747214,9524.222222222223,9516.622222222222,0.07982839229819787
747215,9524.0,9515.533333333333,0.08893775407661061
747216,9523.1,9514.766666666666,0.08754482294935645
747217,9522.4,9513.866666666667,0.08965343344632892
747218,9521.544444444446,9513.011111111113,0.08966149284050133
747219,9520.611111111113,9512.144444444446,0.08896942580861107
747220,9519.233333333335,9512.56666666667,0.07005818332124192
747221,9518.266666666668,9512.06666666667,0.06515913191219885
747222,9517.455555555558,9511.588888888891,0.061660128902369216
747223,9518.500000000002,9511.033333333335,0.0784745115487206
747224,9519.688888888892,9508.422222222225,0.1184212831308039
747225,9523.37777777778,9504.177777777779,0.20181257591330293
747226,9522.37777777778,9503.444444444445,0.19902775409327755
747227,9520.811111111112,9502.744444444446,0.18993995747960568
747228,9519.58888888889,9501.455555555556,0.1906660108628208
747229,9518.355555555556,9500.222222222223,0.1906907398146361
747230,9517.044444444446,9499.644444444446,0.1829971568832484
747231,9516.244444444446,9498.844444444445,0.1830125549417633
747232,9515.288888888892,9498.088888888891,0.18092524327900883
747233,9514.466666666669,9497.333333333336,0.1802389393254001
747234,9514.477777777782,9496.411111111114,0.19006651158985796
747235,9514.200000000004,9496.066666666671,0.19077410802583733
747236,9513.922222222227,9495.722222222226,0.19148175078382024
747237,9513.611111111115,9495.411111111114,0.19148801855493938
747238,9510.944444444447,9495.944444444447,0.157837509207188
747239,9508.511111111115,9498.511111111115,0.1052242679898423
747240,9504.35555555556,9502.55555555556,0.018940478960276955
747241,9504.86666666667,9503.133333333337,0.018237934904604115
747242,9505.344444444449,9503.67777777778,0.017535532834713468
747243,9507.711111111113,9503.711111111113,0.04207996596198308
747244,9509.222222222224,9504.688888888892,0.04768438546747717
747245,9510.444444444447,9505.977777777782,0.046976940398869266
747246,9511.67777777778,9507.211111111113,0.04697084769527879
747247,9515.933333333336,9505.933333333336,0.10514215218976053
747248,9521.155555555559,9503.48888888889,0.18572401411503778
747249,9522.011111111113,9505.27777777778,0.17588773083805032
747250,9523.177777777779,9506.444444444445,0.17586616421415754
747251,9524.344444444445,9507.611111111113,0.17584460287841708
747252,9525.500000000002,9508.833333333336,0.175122147698013
747253,9526.700000000003,9510.033333333335,0.17510006968984043
747254,9527.911111111112,9511.177777777779,0.17577871956991659
747255,9529.122222222222,9512.322222222223,0.17645720154282582
747256,9536.077777777778,9511.744444444446,0.2554972746957238
747257,9539.58888888889,9515.18888888889,0.2561037476748284
747258,9541.322222222223,9519.18888888889,0.23224281032454405
747259,9543.87777777778,9522.27777777778,0.2265795003828812
747260,9546.677777777779,9525.077777777778,0.22651297031445364
747261,9549.466666666667,9527.866666666667,0.2264467430807978
747262,9551.422222222223,9531.888888888889,0.20471639559406998
747263,9551.277777777777,9539.344444444443,0.12501775158950496
747264,9554.677777777777,9542.744444444445,0.12497323664391281
747265,9558.077777777777,9546.144444444444,0.12492875338784022
747266,9561.455555555554,9549.588888888888,0.12418647972027938
747267,9564.822222222221,9552.955555555554,0.124142740904337
747268,9568.188888888888,9556.322222222221,0.124099032887407
747269,9571.544444444444,9559.744444444445,0.12335812885928979
747270,9574.844444444443,9563.177777777777,0.12192134099540594
747271,9572.477777777776,9568.277777777777,0.043885414949357826
747272,9573.58888888889,9569.388888888889,0.04388032048886687
747273,9574.58888888889,9570.455555555556,0.0431791458654214
747274,9575.622222222222,9571.488888888889,0.043174485271928346
747275,9576.644444444444,9572.511111111111,0.043169875782162616
747276,9577.677777777777,9573.544444444444,0.043165217189502156
747277,9576.533333333333,9575.866666666667,0.006961703668115331
747278,9576.544444444446,9575.87777777778,0.00696169559057171
747279,9576.522222222226,9575.855555555558,0.006961711745696691
747280,9576.466666666669,9575.866666666669,0.006265555110782294
747281,9576.455555555558,9575.788888888892,0.00696176021144553
747282,9576.655555555559,9574.588888888891,0.021582583551295345
747283,9575.966666666669,9573.833333333336,0.022280476384434426
747284,9575.333333333336,9573.06666666667,0.023674736966706602
747285,9574.600000000002,9572.333333333336,0.02367655046586841
747286,9573.855555555556,9571.58888888889,0.023678391726488827
747287,9573.066666666668,9570.866666666667,0.02298378250377729
747288,9572.344444444445,9570.144444444446,0.02298551680263355
747289,9571.644444444446,9569.444444444445,0.022987197988279483
747290,9571.044444444446,9568.711111111112,0.02438205991253279
747291,9570.400000000001,9568.000000000002,0.025080466496673032
747292,9569.733333333335,9567.333333333336,0.025082213923411836
747293,9569.055555555557,9566.655555555557,0.025083990723564813
747294,9568.366666666667,9566.033333333333,0.024388884243393465
747295,9567.7,9565.366666666667,0.02439058384089611
747296,9567.12222222222,9564.72222222222,0.025089060356609315
747297,9566.288888888888,9565.288888888888,0.010453920859172908
747298,9566.4,9565.4,0.010453799433404071
747299,9566.444444444443,9565.511111111111,0.009756800141232425
747300,9566.588888888888,9565.588888888888,0.010453593016070658
747301,9566.688888888888,9565.688888888888,0.010453483739606044
747302,9566.833333333332,9565.766666666665,0.011150253145599823
747303,9566.92222222222,9565.855555555552,0.011150149539774841
747304,9566.988888888885,9565.92222222222,0.011150071836650602
747305,9566.911111111109,9566.044444444442,0.009059412322892663
747306,9567.122222222219,9565.32222222222,0.01881620516631836
747307,9568.755555555552,9557.222222222219,0.12060385583772121
747308,9565.166666666664,9551.099999999999,0.14716960075885493
747309,9561.588888888888,9544.988888888887,0.1737621482305143
747310,9556.366666666665,9539.699999999999,0.17455601677133578
747311,9551.02222222222,9534.488888888887,0.17325533738216267
747312,9545.755555555554,9529.22222222222,0.1733510101657269
747313,9540.466666666665,9523.866666666665,0.1741471858444254
747314,9535.144444444444,9518.544444444444,0.17424447409425914
747315,9529.822222222223,9513.222222222223,0.17434187110604776
747316,9524.866666666669,9507.733333333335,0.18004196308789353
747317,9520.977777777782,9502.244444444448,0.19695226302355848
747318,9516.55555555556,9497.822222222227,0.19704387440147877
747319,9512.122222222226,9493.388888888894,0.19713580154526608
747320,9507.733333333337,9488.933333333338,0.1979294613089938
747321,9503.111111111117,9485.311111111116,0.18748266487533305
747322,9497.077777777782,9489.011111111116,0.08497449594672969
747323,9496.26666666667,9490.733333333337,0.058285493583323814
747324,9495.500000000004,9492.433333333338,0.03230121585988675
747325,9496.377777777783,9493.311111111116,0.03229822968255009
747326,9497.266666666672,9494.133333333339,0.03299739180190202
747327,9498.14444444445,9494.944444444449,0.033696467370010065
747328,9498.977777777784,9495.777777777783,0.0336935107234354
747329,9499.800000000005,9496.600000000004,0.03369059400729323
747330,9500.633333333337,9497.433333333338,0.0336876383912634
747331,9501.100000000004,9498.433333333338,0.02807086489842971
747332,9500.48888888889,9499.422222222225,0.011228122704657409
747333,9500.411111111112,9499.344444444445,0.011228214632010047
747334,9500.333333333334,9499.266666666666,0.011228306560848814
747335,9500.27777777778,9499.211111111112,0.011228372225226687
747336,9500.211111111112,9499.144444444446,0.011228451023474794
747337,9500.133333333333,9499.066666666668,0.011228542956184435
747338,9500.077777777778,9499.011111111113,0.01122860862332728
747339,9499.955555555556,9498.955555555556,0.010526919086590926
747340,9499.877777777778,9498.877777777778,0.010527005277538647
747341,9499.799999999997,9498.799999999997,0.010527091469897784
747342,9499.733333333332,9498.733333333332,0.010527165350186158
747343,9499.688888888888,9498.755555555554,0.009825365819434027
747344,9499.644444444444,9498.777777777777,0.009123564646890084
747345,9499.62222222222,9498.822222222221,0.00842174213092704
747346,9499.599999999999,9498.866666666665,0.007719921256805734
747347,9499.588888888888,9498.922222222222,0.007018093815532379
747348,9499.81111111111,9498.81111111111,0.010527079156617207
747349,9500.155555555557,9498.68888888889,0.015439535503918793
747350,9500.155555555557,9498.68888888889,0.015439535503918793
747351,9500.133333333333,9498.733333333334,0.014737721197400931
747352,9500.2,9498.2,0.021054404581438434
747353,9499.766666666666,9497.7,0.021757286936493602
747354,9499.344444444443,9497.21111111111,0.02246021208523055
747355,9498.833333333334,9496.766666666666,0.021759424989655666
747356,9498.366666666667,9496.3,0.02176049417381211
747357,9497.9,9495.833333333334,0.02176156346302672
747358,9497.377777777778,9495.377777777778,0.02106066172599143
747359,9496.944444444443,9494.944444444443,0.02106162279803659
747360,9496.488888888887,9494.422222222222,0.02176479742940339
747361,9495.988888888887,9493.922222222222,0.021765943553642836
747362,9495.52222222222,9493.455555555554,0.021767013378511127
747363,9494.833333333332,9493.099999999999,0.01825720896429216
747364,9494.033333333331,9492.766666666665,0.01334260293115664
747365,9493.566666666664,9492.299999999997,0.01334325884517351
747366,9493.066666666664,9491.799999999997,0.013343961681758009
747367,9492.544444444444,9491.877777777778,0.0070233021459635845
747368,9492.455555555554,9491.922222222222,0.005618654870607804
747369,9492.488888888887,9491.822222222221,0.007023343251848361
747370,9492.455555555554,9491.788888888888,0.00702336791561019
747371,9492.388888888887,9491.72222222222,0.007023417243653515
747372,9492.322222222221,9491.655555555555,0.007023466572389751
747373,9492.299999999997,9491.566666666664,0.0077258584482287705
747374,9492.299999999997,9491.43333333333,0.009130624113277207
747375,9492.188888888888,9491.388888888887,0.00842833747532642
747376,9492.12222222222,9491.322222222221,0.00842839667311687
747377,9492.099999999999,9491.233333333332,0.00913081650570804
747378,9492.02222222222,9491.22222222222,0.008428485471390504
747379,9491.988888888887,9491.188888888888,0.008428515071230847
747380,9492.62222222222,9491.02222222222,0.016856615753447733
747381,9493.02222222222,9491.422222222222,0.016855905419626484
747382,9493.744444444443,9491.277777777776,0.02598539667527896
747383,9494.311111111108,9491.644444444442,0.028090939735564244
747384,9494.788888888888,9492.255555555554,0.026684862309635703
747385,9495.377777777778,9492.777777777777,0.027385492944728442
747386,9495.933333333332,9493.4,0.026681645836253848
747387,9496.488888888889,9494.022222222224,0.025977886031957477
747388,9497.044444444446,9494.644444444446,0.025274213515615866
747389,9497.544444444446,9495.27777777778,0.023868666174470372
747390,9498.111111111113,9495.844444444445,0.023867241976411425
747391,9498.722222222223,9496.388888888889,0.02456772502866873
747392,9499.255555555555,9496.922222222223,0.024566345510429098
747393,9499.844444444445,9497.444444444445,0.025266763210653128
747394,9500.366666666667,9497.966666666667,0.02526537415562386
747395,9500.22222222222,9498.62222222222,0.016843129640636945
747396,9500.366666666665,9498.699999999999,0.017544721495084608
747397,9500.088888888888,9499.355555555554,0.007719523962691522
747398,9500.066666666664,9499.466666666665,0.006315944602132806
747399,9500.066666666664,9499.466666666665,0.006315944602132806
747400,9500.066666666664,9499.466666666665,0.006315944602132806
747401,9500.066666666664,9499.466666666665,0.006315944602132806
747402,9500.088888888888,9499.422222222222,0.00701772443266908
747403,9500.099999999999,9499.366666666665,0.007719514933755081
747404,9500.811111111108,9499.211111111108,0.016842085564816037
747405,9501.244444444443,9499.644444444442,0.016841317365273296
747406,9501.633333333331,9500.099999999999,0.016138878558442198
747407,9502.066666666664,9500.533333333331,0.016138142499793173
747408,9502.499999999998,9500.966666666665,0.016137406508281105
747409,9502.944444444443,9501.41111111111,0.016136651714923407
747410,9503.333333333334,9501.866666666667,0.015434372347222357
747411,9503.722222222223,9502.322222222223,0.01473215538448204
747412,9504.211111111112,9502.744444444446,0.015432946769180396
747413,9504.644444444446,9503.177777777779,0.01543224309992186
747414,9505.066666666668,9503.6,0.015431557535164505
747415,9505.5,9504.033333333333,0.015430853992563222
747416,9505.933333333332,9504.466666666667,0.015430150514090525
747417,9506.31111111111,9504.91111111111,0.014728143026629566
747418,9507.011111111111,9505.344444444443,0.01753245842470968
747419,9508.322222222223,9505.655555555557,0.02804954016284458
747420,9509.28888888889,9506.422222222223,0.030150507124519364
747421,9510.18888888889,9507.322222222223,0.03014765339079432
747422,9511.044444444446,9508.244444444446,0.02944379273438597
747423,9511.888888888889,9509.155555555557,0.028740097225629403
747424,9512.822222222223,9509.68888888889,0.0329434249246202
747425,9513.533333333333,9510.333333333334,0.03364195151352591
747426,9514.2,9511.0,0.03363959380191249
747427,9514.81111111111,9511.677777777777,0.032936537599041936
747428,9515.433333333332,9512.366666666667,0.03223353899731652
747429,9516.055555555557,9513.055555555557,0.03153063726921325
747430,9517.633333333333,9509.766666666666,0.08268777307111626
747431,9516.277777777777,9508.344444444443,0.08340069243601128
747432,9515.3,9506.833333333334,0.08901910756590918
747433,9513.655555555557,9505.522222222224,0.08552770712134874
747434,9512.81111111111,9503.744444444445,0.0953555089424902
747435,9511.255555555554,9502.322222222221,0.09396793636359557
747436,9509.72222222222,9500.788888888888,0.0939830947323789
747437,9508.188888888888,9499.255555555554,0.0939982579924927
747438,9506.655555555555,9497.72222222222,0.09401342614626658
747439,9505.077777777775,9496.544444444442,0.08981689282668924
747440,9503.777777777776,9495.244444444443,0.08982918419192994
747441,9502.533333333331,9493.93333333333,0.09054315363910163
747442,9501.277777777776,9492.611111111108,0.09125742197784192
747443,9500.01111111111,9491.344444444441,0.09126959517255329
747444,9498.766666666665,9490.033333333331,0.09198404673632433
747445,9496.544444444442,9492.677777777775,0.040724855619855824
747446,9497.277777777776,9493.411111111109,0.04072171040545145
747447,9497.677777777775,9494.277777777776,0.035804633072712345
747448,9498.444444444442,9494.911111111109,0.03720599367497598
747449,9497.088888888888,9496.288888888888,0.008423988711847467
747450,9497.088888888888,9496.288888888888,0.008423988711847467
747451,9497.12222222222,9496.322222222221,0.008423959143790492
747452,9497.155555555555,9496.355555555554,0.008423929575960238
747453,9497.21111111111,9496.344444444443,0.009125902352846101
747454,9497.21111111111,9496.344444444443,0.009125902352846101
747455,9497.21111111111,9496.344444444443,0.009125902352846101
747456,9497.21111111111,9496.344444444443,0.009125902352846101
747457,9497.166666666666,9496.366666666667,0.008423919720037407
747458,9497.166666666666,9496.366666666667,0.008423919720037407
747459,9497.166666666666,9496.366666666667,0.008423919720037407
747460,9497.166666666666,9496.366666666667,0.008423919720037407
747461,9497.177777777779,9496.37777777778,0.008423909864156792
747462,9497.166666666666,9496.366666666667,0.008423919720037407
747463,9497.122222222222,9496.388888888889,0.007721935444622237
747464,9497.08888888889,9496.355555555556,0.007721962548484194
747465,9497.06666666667,9496.333333333336,0.007721980617831201
747466,9497.055555555558,9496.255555555557,0.008424018280131156
747467,9497.044444444447,9496.17777777778,0.00912606251352949
747468,9496.98888888889,9496.188888888892,0.0084240774172638
747469,9496.955555555558,9496.155555555559,0.00842410698615106
747470,9496.933333333338,9496.133333333337,0.00842412669887704
747471,9496.877777777781,9496.144444444448,0.007722134210695133
747472,9496.877777777781,9496.144444444448,0.007722134210695133
747473,9496.811111111114,9496.07777777778,0.007722188421400034
747474,9496.755555555557,9496.088888888891,0.007020187719813241
747475,9496.722222222224,9496.055555555558,0.007020212361417546
747476,9496.633333333335,9496.033333333335,0.0063182280880378075
747477,9496.588888888891,9496.055555555558,0.0056162093161161025
747478,9496.588888888891,9496.055555555558,0.0056162093161161025
747479,9496.577777777778,9496.044444444446,0.0056162158873336015
747480,9496.566666666668,9496.033333333333,0.005616222458585631
747481,9496.544444444444,9496.077777777777,0.0049141889014264785
747482,9496.544444444444,9496.077777777777,0.0049141889014264785
747483,9496.511111111111,9496.044444444444,0.004914206150953141
747484,9496.511111111111,9496.044444444444,0.004914206150953141
747485,9496.511111111111,9496.044444444444,0.004914206150953141
747486,9496.52222222222,9495.988888888887,0.0056162487436517495
747487,9496.533333333331,9495.93333333333,0.00631829462208206
747488,9496.588888888888,9495.922222222222,0.007020310929564687
747489,9496.599999999999,9495.866666666665,0.007722360093653723
747490,9496.588888888888,9495.922222222222,0.007020310929564687
747491,9496.644444444444,9495.91111111111,0.0077223239514923195
747492,9496.611111111111,9495.877777777778,0.007722351058081655
747493,9496.588888888888,9495.922222222222,0.007020310929564687
747494,9496.6,9495.933333333332,0.00702030271546586
747495,9496.6,9495.933333333332,0.00702030271546586
747496,9496.6,9495.933333333332,0.00702030271546586
747497,9496.577777777777,9495.977777777776,0.00631826505122273
747498,9496.633333333333,9495.966666666667,0.007020278073208095
747499,9496.644444444446,9495.97777777778,0.007020269859167001
747500,9496.633333333333,9495.966666666667,0.007020278073208095
747501,9496.58888888889,9495.988888888889,0.006318257658551145
747502,9496.577777777778,9496.044444444446,0.0056162158873336015
747503,9496.555555555557,9496.08888888889,0.004914183151611168
747504,9496.511111111113,9496.111111111113,0.004212161915500201
747505,9496.47777777778,9496.077777777778,0.004212176700827922
747506,9496.555555555557,9496.08888888889,0.004914183151611168
747507,9496.622222222222,9496.155555555557,0.004914148652982707
747508,9496.655555555557,9496.18888888889,0.004914131403878847
747509,9496.7,9496.3,0.00421207813406471
747510,9496.722222222223,9496.388888888889,0.0035100445775725197
747511,9496.755555555555,9496.422222222223,0.0035100322571836743
747512,9496.78888888889,9496.455555555556,0.003510019936919626
747513,9496.8,9496.533333333333,0.0028080028080002544
747514,9496.844444444443,9496.644444444444,0.0021059848579573787
747515,9498.066666666668,9496.533333333333,0.016144939438942303
747516,9498.877777777778,9497.277777777777,0.016845513770626427
747517,9499.611111111111,9498.011111111111,0.016844213252422555
747518,9500.4,9498.733333333334,0.017544659931850157
747519,9501.2,9499.533333333333,0.017543182543844404
747520,9502.011111111111,9500.277777777777,0.01824341629020385
747521,9502.688888888888,9501.02222222222,0.01754043362291917
747522,9503.388888888887,9501.72222222222,0.017539141517480143
747523,9504.133333333331,9502.399999999998,0.01823934226126009
747524,9504.855555555554,9503.055555555555,0.018939482507860417
747525,9505.588888888888,9503.788888888888,0.018938021233956402
747526,9506.288888888888,9504.488888888887,0.018936626591944717
747527,9506.988888888887,9505.188888888888,0.018935232155289302
747528,9507.688888888888,9505.888888888887,0.01893383792402134
747529,9508.399999999998,9506.533333333331,0.019633691414468506
747530,9507.955555555554,9507.422222222222,0.005609495005207054
747531,9507.944444444443,9507.477777777776,0.004908296657455079
747532,9507.977777777776,9507.511111111111,0.004908279449370507
747533,9507.922222222222,9507.52222222222,0.004207106504085097
747534,9507.944444444443,9507.477777777776,0.004908296657455079
747535,9507.933333333332,9507.533333333333,0.004207101587475839
747536,9507.922222222223,9507.58888888889,0.0035059097952846174
747537,9507.955555555556,9507.622222222222,0.003505897503924217
747538,9507.911111111112,9507.644444444446,0.0028047212808201666
747539,9507.911111111112,9507.644444444446,0.0028047212808201666
747540,9507.911111111112,9507.644444444446,0.0028047212808201666
747541,9507.944444444445,9507.677777777779,0.002804711447777812
747542,9507.944444444445,9507.677777777779,0.002804711447777812
747543,9507.944444444445,9507.677777777779,0.002804711447777812
747544,9507.955555555558,9507.688888888892,0.0028047081701123478
747545,9507.955555555558,9507.688888888892,0.0028047081701123478
747546,9507.922222222225,9507.655555555559,0.002804718003131721
747547,9507.888888888892,9507.622222222224,0.002804727836239173
747548,9507.944444444447,9507.611111111115,0.0035059016010156423
747549,9507.922222222225,9507.655555555559,0.002804718003131721
747550,9510.777777777781,9506.17777777778,0.04837788032434594
747551,9510.755555555557,9506.088888888891,0.049079295782212415
747552,9510.722222222224,9506.055555555558,0.04907946783833519
747553,9513.155555555559,9505.288888888892,0.08272670974375877
747554,9518.97777777778,9503.511111111113,0.1626145427867884
747555,9526.577777777778,9503.711111111112,0.24031864991831858
747556,9531.711111111112,9508.844444444445,0.24018907011350166
747557,9536.844444444445,9513.97777777778,0.24005962997220848
747558,9542.022222222224,9519.08888888889,0.24062955406588016
747559,9547.144444444444,9524.21111111111,0.24050029654712973
747560,9552.266666666665,9529.333333333332,0.2403711778187625
747561,9557.399999999998,9534.466666666665,0.24024191802442044
747562,9562.577777777775,9539.577777777775,0.2408105193480201
747563,9567.699999999995,9544.699999999995,0.2406814424143489
747564,9572.799999999996,9549.799999999996,0.24055306286802017
747565,9575.04444444444,9556.377777777774,0.19514144269926453
747566,9580.199999999995,9561.599999999997,0.1943390903676619
747567,9585.366666666663,9566.766666666663,0.1942342367429951
747568,9588.088888888886,9572.622222222219,0.1614414681895411
747569,9587.344444444441,9579.544444444442,0.08139036069146267
747570,9584.866666666665,9584.399999999998,0.004868904739883826
747571,9584.844444444441,9584.311111111108,0.005564494813422067
747572,9584.866666666665,9584.266666666665,0.00626006392221207
747573,9584.833333333332,9584.233333333332,0.006260085693621293
747574,9584.799999999997,9584.199999999999,0.006260107465162971
747575,9584.777777777777,9584.177777777777,0.006260121979639852
747576,9584.788888888888,9584.12222222222,0.006955707215747391
747577,9584.755555555554,9584.088888888888,0.006955731406743979
747578,9584.733333333334,9584.066666666668,0.006955747534181172
747579,9584.755555555555,9584.022222222224,0.007651331157711107
747580,9585.522222222224,9582.388888888889,0.03269352946361196
747581,9585.455555555556,9582.322222222223,0.03269375688365765
747582,9585.411111111112,9582.211111111112,0.03338963970492665
747583,9585.533333333333,9581.133333333333,0.04591304347825707
747584,9585.244444444445,9579.71111111111,0.05774428557681325
747585,9585.844444444443,9577.177777777777,0.09045198159417506
747586,9585.033333333333,9576.433333333332,0.08976348365817888
747587,9584.21111111111,9575.677777777777,0.08907497723832271
747588,9583.366666666667,9574.9,0.08838656245868261
747589,9582.522222222224,9574.122222222222,0.08769803108641515
747590,9581.81111111111,9572.877777777778,0.09327568184638559
747591,9580.8,9571.8,0.09398201810720216
747592,9579.766666666666,9570.766666666666,0.09399216035758795
747593,9580.31111111111,9565.31111111111,0.15669378436381745
747594,9578.21111111111,9561.744444444445,0.17206588195954017
747595,9574.4,9560.266666666666,0.14772489721970467
747596,9571.333333333334,9557.2,0.14777226342496946
747597,9569.133333333333,9553.866666666667,0.15966811344105447
747598,9566.1,9552.033333333333,0.14715523133361186
747599,9564.122222222222,9547.18888888889,0.17720744782902545
747600,9560.18888888889,9544.455555555556,0.16470689500749924
747601,9557.022222222224,9541.28888888889,0.16476151468891045
747602,9553.855555555556,9538.122222222222,0.16481617060801823
747603,9550.722222222223,9534.988888888889,0.16487028690457456
747604,9547.622222222222,9531.755555555555,0.16632268464380515
747605,9544.27777777778,9529.011111111113,0.16008425977923493
747606,9541.28888888889,9526.08888888889,0.15943461316128832
747607,9538.311111111112,9523.177777777779,0.1587843785083815
747608,9533.87777777778,9523.87777777778,0.10494415222032673
747609,9531.5,9522.966666666667,0.08956780037575982
747610,9530.088888888888,9521.555555555555,0.08958106853417803
747611,9528.688888888888,9520.155555555555,0.08959423610413887
747612,9526.43333333333,9519.099999999999,0.07700843242333763
747613,9524.888888888887,9517.62222222222,0.0763204666051254
747614,9522.72222222222,9519.455555555554,0.0343098011665307
747615,9521.599999999999,9520.333333333332,0.013303971235411225
747616,9521.144444444442,9519.811111111108,0.0140048993806397
747617,9520.644444444442,9519.311111111108,0.014005634933794735
747618,9520.177777777775,9518.844444444441,0.014006321519785633
747619,9520.099999999999,9516.166666666664,0.04132462947917979
747620,9518.43333333333,9514.299999999997,0.04343394362694319
747621,9516.71111111111,9512.444444444443,0.04484346826857246
747622,9517.188888888888,9510.188888888888,0.07357818908893851
747623,9517.399999999998,9510.399999999998,0.07357655640694144
747624,9517.899999999998,9510.899999999998,0.07357268981753974
747625,9518.355555555554,9511.422222222222,0.0728682532638816
747626,9518.888888888887,9511.955555555554,0.07286416904486326
747627,9519.355555555554,9512.422222222222,0.0728605957287722
747628,9519.822222222221,9512.888888888887,0.0728570227631595
747629,9520.299999999997,9513.299999999997,0.0735541358439812
747630,9520.766666666665,9513.766666666665,0.07355052921356973
747631,9521.188888888888,9514.255555555554,0.07284656109364256
747632,9521.688888888888,9514.755555555554,0.07284273440419399
747633,9522.155555555555,9515.22222222222,0.07283916319008539
747634,9522.22222222222,9517.955555555554,0.04481750870673223
747635,9523.977777777776,9519.844444444443,0.04340865279145516
747636,9525.744444444445,9521.744444444445,0.04200028700196118
747637,9525.3,9524.033333333333,0.01329880310771776
747638,9524.988888888889,9524.655555555557,0.003499627872890116
747639,9524.97777777778,9524.711111111112,0.0027996957664099364
747640,9525.011111111113,9524.744444444446,0.0027996859685546467
747641,9525.011111111113,9524.744444444446,0.0027996859685546467
747642,9525.044444444446,9524.77777777778,0.0027996761707870317
747643,9525.055555555557,9524.722222222223,0.00349960337829016
747644,9525.044444444446,9524.77777777778,0.0027996761707870317
747645,9525.011111111113,9524.744444444446,0.0027996859685546467
747646,9525.044444444446,9524.77777777778,0.0027996761707870317
747647,9525.044444444446,9524.77777777778,0.0027996761707870317
747648,9525.06666666667,9524.733333333335,0.003499599295886987
747649,9525.044444444446,9524.77777777778,0.0027996761707870317
747650,9524.988888888889,9524.78888888889,0.0020997620269588182
747651,9524.977777777776,9524.777777777777,0.0020997644764064365
747652,9525.0,9524.733333333334,0.0027996892344924248
747653,9525.011111111111,9524.677777777777,0.003499619707998098
747654,9525.133333333333,9524.6,0.0055993784689848496
747655,9525.2,9524.666666666666,0.005599339277979206
747656,9525.266666666666,9524.733333333334,0.005599300087483971
747657,9525.3,9524.766666666666,0.005599280492451627
747658,9525.322222222223,9524.855555555556,0.00489934185508256
747659,9525.355555555556,9524.888888888889,0.0048993247097492655
747660,9525.422222222223,9524.955555555556,0.0048992904194426765
747661,9525.455555555556,9524.988888888889,0.00489927327446938
747662,9526.28888888889,9524.888888888889,0.014697254063047834
747663,9526.81111111111,9525.41111111111,0.014696448358309588
747664,9527.366666666667,9525.9,0.015395435253452446
747665,9527.955555555556,9526.422222222223,0.016094289209706996
747666,9528.488888888889,9526.955555555556,0.01609338829963514
747667,9530.177777777777,9521.577777777777,0.09028039410775009
747668,9529.71111111111,9518.044444444444,0.12249912208961866
747669,9528.52222222222,9515.988888888887,0.13162147623753437
747670,9527.299999999997,9514.499999999998,0.13444107174741124
747671,9526.01111111111,9513.144444444442,0.13516005611826987
747672,9524.755555555552,9511.82222222222,0.1358787643904161
747673,9524.23333333333,9510.366666666663,0.1456995856668046
747674,9523.377777777774,9509.377777777774,0.14711479858115956
747675,9522.477777777773,9508.277777777774,0.14923212017037943
747676,9521.577777777773,9507.377777777774,0.14924623643732446
747677,9519.888888888883,9506.555555555551,0.1401558065382557
747678,9518.477777777773,9505.211111111106,0.1394752273773259
747679,9517.099999999995,9503.766666666661,0.14019690655526332
747680,9515.644444444439,9502.37777777777,0.13951678583240254
747681,9514.199999999993,9500.999999999995,0.138836299381536
747682,9512.299999999994,9504.16666666666,0.08553990050727843
747683,9511.911111111107,9506.84444444444,0.0532807380784438
747684,9512.35555555555,9507.622222222217,0.04977222779790864
747685,9513.511111111107,9506.177777777773,0.07711307347007135
747686,9513.655555555551,9506.32222222222,0.07711190222209527
747687,9513.799999999997,9506.466666666665,0.07711073100971724
747688,9513.21111111111,9506.744444444445,0.06799875686120076
747689,9512.933333333332,9506.6,0.06659819904447835
747690,9512.722222222223,9506.522222222224,0.06519712197936381
747691,9512.488888888889,9506.28888888889,0.06519872173114312
747692,9512.433333333336,9505.366666666669,0.07431634223377588
747693,9511.933333333336,9504.866666666669,0.07432025016477552
747694,9511.400000000001,9504.400000000001,0.07362298720011778
747695,9510.955555555558,9503.888888888892,0.07432789352878832
747696,9510.500000000002,9503.366666666669,0.07503295840228756
747697,9509.333333333336,9504.200000000003,0.0539966269639507
747698,9508.811111111112,9503.744444444446,0.05329811294289886
747699,9508.077777777778,9503.677777777779,0.04628715099078666
747700,9506.722222222223,9505.122222222222,0.016831612573685963
747701,9506.433333333332,9504.9,0.016130729038813848
747702,9506.144444444444,9504.677777777777,0.015429807817073041
747703,9505.91111111111,9504.444444444443,0.015430186588367471
747704,9505.7,9504.166666666666,0.016131973571632985
747705,9505.555555555555,9503.955555555554,0.01683367857961544
747706,9505.455555555554,9503.855555555554,0.016833855689437894
747707,9505.177777777775,9504.444444444442,0.0077153909189874425
747708,9515.199999999999,9501.333333333332,0.14583800762845092
747709,9518.944444444443,9504.877777777778,0.14788475735684764
747710,9526.833333333332,9506.766666666665,0.21085518941942166
747711,9531.099999999999,9511.033333333331,0.2107606990813444
747712,9535.844444444443,9514.377777777778,0.22536919954271517
747713,9540.1,9518.566666666668,0.22596893801594564
747714,9544.322222222223,9522.855555555556,0.22516878918164707
747715,9548.733333333335,9526.600000000002,0.2320623492817937
747716,9553.200000000003,9530.400000000001,0.23894862604541162
747717,9557.411111111112,9534.544444444446,0.23954242508188564
747718,9561.566666666668,9538.7,0.2394381928350053
747719,9565.677777777777,9542.877777777778,0.23863656186582327
747720,9569.744444444445,9547.011111111111,0.23783673194196384
747721,9573.8,9551.0,0.23843386597506142
747722,9577.822222222223,9555.08888888889,0.23763590601883455
747723,9571.966666666667,9562.366666666667,0.10034318763828054
747724,9572.433333333332,9563.033333333333,0.0982468853646942
747725,9569.244444444446,9565.244444444446,0.0418093216205293
747726,9569.47777777778,9565.47777777778,0.041808301967429
747727,9572.47777777778,9565.47777777778,0.07315305942350743
747728,9573.666666666666,9566.666666666666,0.07314397171766426
747729,9574.877777777778,9567.81111111111,0.07383149470468871
747730,9575.866666666665,9569.466666666665,0.06685702346959715
747731,9576.766666666665,9571.033333333331,0.0598850346602072
747732,9577.988888888887,9572.12222222222,0.061270314648596294
747733,9579.12222222222,9573.255555555554,0.061263063362020725
747734,9580.288888888888,9574.422222222222,0.06125560059492309
747735,9581.41111111111,9575.611111111111,0.06055220829958895
747736,9582.52222222222,9576.788888888888,0.05984905511562793
747737,9583.677777777777,9577.877777777778,0.06053788256577807
747738,9584.81111111111,9579.011111111111,0.060530722240510426
747739,9586.088888888888,9579.755555555554,0.06608979167802614
747740,9586.62222222222,9580.888888888887,0.05982345125664283
747741,9587.777777777777,9581.31111111111,0.06746973425967544
747742,9585.688888888888,9582.888888888887,0.029214478324491498
747743,9585.422222222222,9582.62222222222,0.029215291190673634
747744,9585.155555555555,9582.355555555554,0.029216104102091533
747745,9584.91111111111,9582.177777777777,0.028521110839299986
747746,9584.71111111111,9581.977777777776,0.02852170606179261
747747,9584.41111111111,9581.877777777778,0.02643530365235678
747748,9584.255555555555,9581.722222222223,0.026435732762563793
747749,9584.1,9581.5,0.027131944734319444
747750,9583.944444444443,9581.277777777777,0.027828184153002304
747751,9583.744444444445,9581.077777777777,0.02782876497101856
747752,9583.744444444445,9580.877777777778,0.029916234543280087
747753,9583.71111111111,9580.844444444443,0.029916338611210617
747754,9583.666666666666,9581.133333333333,0.026437357377409088
747755,9583.788888888888,9581.255555555554,0.026437020176794106
747756,9583.511111111111,9581.71111111111,0.018784024303292214
747757,9583.233333333334,9582.166666666666,0.011131170407792329
747758,9583.388888888889,9582.388888888889,0.010435266563086984
747759,9583.622222222222,9582.555555555557,0.011130718696582716
747760,9583.78888888889,9582.722222222223,0.011130525117314157
747761,9584.0,9582.866666666667,0.011825963555161639
747762,9584.277777777777,9583.011111111111,0.0132169622319482
747763,9584.466666666665,9583.199999999999,0.013216701737298135
747764,9584.666666666664,9583.399999999998,0.013216425930625149
747765,9584.844444444443,9583.577777777777,0.0132161807788015
747766,9585.077777777777,9583.81111111111,0.013215859030834474
747767,9585.099999999999,9584.033333333331,0.01112900252837912
747768,9585.166666666664,9584.099999999999,0.01112892511971277
747769,9585.088888888886,9584.222222222219,0.00904223069512855
747770,9585.099999999999,9584.233333333332,0.00904222021284122
747771,9585.088888888886,9584.222222222219,0.00904223069512855
747772,9585.066666666662,9584.266666666663,0.008346664811844677
747773,9585.111111111106,9584.244444444439,0.009042209730578198
747774,9585.066666666662,9584.33333333333,0.007651082802088299
747775,9585.111111111106,9584.311111111107,0.008346626108238879
747776,9585.122222222219,9584.32222222222,0.008346616432393513
747777,9585.088888888886,9584.355555555552,0.0076510650630368755
747778,9585.088888888886,9584.355555555552,0.0076510650630368755
747779,9585.088888888886,9584.355555555552,0.0076510650630368755
747780,9585.099999999997,9584.433333333329,0.0069554814410493
747781,9585.099999999997,9584.433333333329,0.0069554814410493
747782,9585.088888888886,9584.488888888885,0.006259918783353804
747783,9585.144444444442,9584.477777777774,0.006955449188717469
747784,9585.099999999999,9584.499999999998,0.006259911526587556
747785,9585.088888888886,9584.488888888885,0.006259918783353804
747786,9585.077777777775,9584.544444444442,0.005564359350958792
747787,9585.077777777775,9584.544444444442,0.005564359350958792
747788,9585.066666666664,9584.599999999999,0.004868803143841828
747789,9585.077777777775,9584.544444444442,0.005564359350958792
747790,9585.077777777775,9584.544444444442,0.005564359350958792
747791,9585.066666666662,9584.53333333333,0.005564365801402726
747792,9585.055555555553,9584.588888888886,0.004868808787973077
747793,9585.044444444442,9584.644444444442,0.004173254999787543
747794,9585.044444444442,9584.644444444442,0.004173254999787543
747795,9585.055555555553,9584.588888888886,0.004868808787973077
747796,9585.066666666662,9584.53333333333,0.005564365801402726
747797,9585.066666666662,9584.53333333333,0.005564365801402726
747798,9585.088888888884,9584.488888888884,0.006259918783353807
747799,9588.055555555551,9583.85555555555,0.043814098403227135
747800,9588.211111111106,9583.811111111107,0.04590021802603185
747801,9589.166666666662,9583.699999999995,0.05702503190272872
747802,9589.766666666663,9584.299999999996,0.05702146301776171
747803,9590.388888888885,9584.855555555552,0.05771330164123146
747804,9590.977777777774,9585.51111111111,0.05701426051807421
747805,9591.566666666664,9586.166666666664,0.056315310116589766
747806,9592.166666666664,9586.766666666665,0.05631178654356485
747807,9592.766666666665,9587.366666666665,0.05630826341144279
747808,9593.377777777776,9587.911111111109,0.056999993048786404
747809,9593.988888888887,9588.52222222222,0.05699636126889235
747810,9594.588888888888,9589.12222222222,0.05699279597158744
747811,9595.177777777777,9589.777777777777,0.05629411008393931
747812,9595.777777777777,9590.377777777778,0.05629058916324703
747813,9596.355555555556,9591.022222222224,0.05559210221533263
747814,9594.044444444446,9592.244444444446,0.018763399325668274
747815,9594.488888888889,9592.888888888889,0.01667763066460737
747816,9594.144444444444,9593.544444444444,0.006254010094439345
747817,9594.144444444444,9593.544444444444,0.006254010094439345
747818,9594.133333333331,9593.533333333331,0.006254017337529634
747819,9594.144444444442,9593.477777777774,0.006948924248631253
747820,9594.144444444442,9593.477777777774,0.006948924248631253
747821,9594.166666666664,9593.43333333333,0.007643825526210428
747822,9594.144444444442,9593.344444444441,0.008338767043814227
747823,9594.099999999999,9593.366666666665,0.007643878643005601
747824,9594.044444444442,9593.377777777776,0.006948996680689602
747825,9593.999999999998,9593.399999999998,0.0062541042559217394
747826,9593.988888888887,9593.322222222221,0.0069490369213850165
747827,9594.044444444444,9592.844444444443,0.012508541712519602
747828,9594.944444444443,9592.344444444443,0.027101275381390545
747829,9594.666666666664,9592.066666666664,0.02710206010403401
747830,9594.41111111111,9591.81111111111,0.027102782089002846
747831,9594.144444444444,9591.544444444444,0.027103535505635306
747832,9593.877777777778,9591.277777777777,0.027104288964156634
747833,9593.611111111111,9591.011111111111,0.02710504246457032
747834,9593.344444444443,9590.744444444445,0.0271057960068609
747835,9593.077777777777,9590.477777777776,0.02710654959108875
747836,9592.777777777777,9590.31111111111,0.02571709572899784
747837,9592.533333333333,9590.133333333333,0.025022589838044444
747838,9592.3,9589.9,0.025023198590356018
747839,9592.08888888889,9589.622222222222,0.025718942928280485
747840,9591.866666666667,9589.333333333334,0.026414753334857547
747841,9591.611111111111,9589.144444444444,0.025720224206211742
747842,9591.288888888888,9589.355555555554,0.0201592114272707
747843,9592.455555555554,9589.12222222222,0.03475556986970769
747844,9593.855555555554,9590.52222222222,0.03475049722170407
747845,9595.199999999999,9591.93333333333,0.03405059640663616
747846,9596.611111111111,9593.344444444443,0.03404558866445663
747847,9598.011111111111,9594.744444444445,0.03404062180868918
747848,9599.41111111111,9596.144444444444,0.03403565640194237
747849,9600.822222222223,9597.488888888889,0.03472527676046209
747850,9602.211111111112,9598.744444444446,0.03610931400403451
747851,9603.533333333335,9599.933333333336,0.03749323038894239
747852,9605.100000000002,9601.100000000002,0.04165321614895189
747853,9607.022222222226,9602.355555555558,0.04858737977516873
747854,9608.87777777778,9603.944444444445,0.05135459305534235
747855,9610.644444444446,9605.711111111112,0.051345150427423776
747856,9612.422222222223,9607.422222222223,0.05202955741346038
747857,9614.2,9609.133333333333,0.05271371597018396
747858,9613.677777777777,9611.344444444443,0.024273920793046858
747859,9614.08888888889,9611.755555555555,0.024272882682229192
747860,9614.488888888889,9612.155555555557,0.02427187271366366
747861,9614.888888888889,9612.555555555557,0.02427086282916096
747862,9615.3,9612.9,0.024963335101565787
747863,9615.7,9613.3,0.024962296531296013
747864,9616.077777777777,9613.81111111111,0.02357441251754828
747865,9616.488888888887,9614.355555555554,0.022186579892486274
747866,9616.966666666665,9614.966666666665,0.020798740982879173
747867,9617.399999999998,9614.599999999999,0.02911813643926033
747868,9616.744444444443,9614.211111111108,0.02634641139922788
747869,9615.922222222222,9613.655555555555,0.023574793922785407
747870,9615.666666666666,9612.733333333334,0.030510425551085733
747871,9615.011111111113,9611.611111111113,0.03536762683223577
747872,9614.044444444446,9610.644444444446,0.03537118358221861
747873,9613.033333333335,9609.700000000003,0.0346811587668641
747874,9612.022222222224,9608.68888888889,0.034684807591816996
747875,9611.066666666668,9607.666666666666,0.03538214450485591
747876,9610.055555555555,9606.655555555555,0.035385867855751395
747877,9609.044444444444,9605.71111111111,0.03469555804336188
747878,9608.066666666668,9604.8,0.03400498971177208
747879,9607.122222222222,9603.78888888889,0.03470250124060179
747880,9606.177777777779,9602.77777777778,0.035400154788908324
747881,9605.266666666668,9601.800000000001,0.036097825106042404
747882,9605.022222222226,9601.688888888892,0.03471008976029843
747883,9605.166666666668,9602.166666666668,0.03123806879316927
747884,9605.47777777778,9602.544444444446,0.03054279404092587
747885,9605.366666666667,9603.1,0.02360070385628307
747886,9605.611111111111,9603.877777777778,0.01804663667377602
747887,9606.166666666666,9604.5,0.01735147140476881
747888,9606.755555555554,9605.088888888888,0.017350407676739402
747889,9607.366666666667,9605.7,0.01734930394591938
747890,9607.966666666667,9606.3,0.017348220419561987
747891,9608.566666666668,9606.9,0.017347137028517437
747892,9609.166666666666,9607.5,0.017346053772760384
747893,9609.733333333334,9608.066666666668,0.01734503082211346
747894,9610.3,9608.633333333333,0.017344007992112574
747895,9610.855555555554,9609.188888888888,0.017343005334702136
747896,9611.366666666665,9609.766666666665,0.016648341929199777
747897,9611.01111111111,9610.477777777774,0.005549344657093283
747898,9611.088888888888,9610.555555555555,0.005549299747733036
747899,9611.244444444445,9610.644444444444,0.006242882824561438
747900,9611.388888888889,9610.78888888889,0.006242789000653069
747901,9611.555555555557,9610.955555555556,0.006242680745842287
747902,9611.766666666666,9611.1,0.006936183642391808
747903,9611.944444444445,9611.27777777778,0.006936055349715381
747904,9612.244444444446,9611.37777777778,0.009016684333974625
747905,9612.400000000001,9611.600000000002,0.008322929671236707
747906,9612.633333333335,9611.766666666668,0.0090163195383657
747907,9612.822222222225,9611.888888888892,0.009709725445944986
747908,9613.011111111115,9612.011111111115,0.01040310891130309
747909,9613.166666666668,9612.166666666668,0.010402940564532908
747910,9613.333333333336,9612.333333333336,0.010402760199039476
747911,9613.511111111113,9612.444444444445,0.011096110813168816
747912,9613.68888888889,9612.555555555557,0.011789440591042694
747913,9613.766666666666,9612.7,0.01109581583718655
747914,9613.833333333334,9612.766666666666,0.011095738889533413
747915,9613.844444444443,9612.844444444443,0.010402207117190112
747916,9613.877777777778,9612.877777777778,0.010402171048677538
747917,9613.866666666667,9612.933333333332,0.009708670536275443
747918,9613.866666666667,9612.933333333332,0.009708670536275443
747919,9613.72222222222,9612.988888888887,0.007628276402507373
747920,9613.777777777777,9612.977777777776,0.008321736838953382
747921,9613.71111111111,9612.977777777776,0.007628285219275271
747922,9613.688888888888,9613.02222222222,0.006934796729562478
747923,9613.677777777775,9613.01111111111,0.006934804744787102
747924,9613.666666666664,9613.066666666664,0.006241309842896147
747925,9613.655555555555,9613.12222222222,0.005547818147158195
747926,9613.644444444444,9613.177777777777,0.004854329657532089
747927,9613.633333333333,9613.233333333334,0.004160844374014517
747928,9613.633333333333,9613.233333333334,0.004160844374014517
747929,9613.611111111111,9613.277777777777,0.003467366304140564
747930,9613.611111111111,9613.277777777777,0.003467366304140564
747931,9613.62222222222,9613.22222222222,0.004160849183082827
747932,9613.62222222222,9613.22222222222,0.004160849183082827
747933,9613.611111111108,9613.211111111108,0.004160853992162253
747934,9613.633333333331,9613.099999999999,0.0055478309714548325
747935,9613.533333333331,9612.999999999998,0.005547888681608559
747936,9613.822222222221,9612.688888888888,0.011789277074593658
747937,9613.72222222222,9612.388888888887,0.013870026295264494
747938,9613.52222222222,9612.188888888888,0.013870314867693481
747939,9613.31111111111,9611.91111111111,0.014564200962851721
747940,9613.077777777777,9611.677777777777,0.01456455449801613
747941,9612.855555555554,9611.388888888887,0.015258510376370079
747942,9612.62222222222,9611.155555555555,0.015258880784200119
747943,9612.388888888887,9610.922222222222,0.015259251210033185
747944,9612.155555555555,9610.688888888888,0.015259621653870587
747945,9611.944444444443,9610.41111111111,0.015953646564296244
747946,9613.044444444444,9608.377777777778,0.048556934161415446
747947,9613.011111111111,9607.944444444443,0.0527202370560923
747948,9612.755555555555,9607.68888888889,0.05272163899550394
747949,9612.47777777778,9607.544444444446,0.05133535514470294
747950,9612.27777777778,9607.344444444445,0.05133642353937899
747951,9611.677777777779,9607.411111111112,0.04440030108953923
747952,9612.166666666668,9607.300000000001,0.05064309797011489
747953,9612.500000000002,9607.633333333335,0.050641341371202284
747954,9612.811111111112,9608.011111111113,0.049945834205258235
747955,9613.144444444446,9608.344444444445,0.04994410191372597
747956,9613.466666666669,9608.733333333335,0.04924861184810869
747957,9613.800000000001,9609.06666666667,0.0492469038610102
747958,9614.133333333335,9609.400000000001,0.04924519599241459
747959,9614.466666666669,9609.733333333335,0.049243488242252734
747960,9614.811111111112,9610.144444444446,0.04854800993615305
747961,9613.833333333336,9612.366666666669,0.015256958386651042
747962,9613.966666666669,9612.900000000001,0.011095584997390962
747963,9614.366666666669,9613.300000000001,0.011095123346575406
747964,9614.755555555555,9613.68888888889,0.011094674556202928
747965,9615.144444444444,9614.077777777777,0.011094225802173358
747966,9615.577777777777,9614.511111111111,0.01109372580468949
747967,9615.366666666665,9615.033333333331,0.0034667332279509494
747968,9615.41111111111,9615.077777777777,0.0034667172037059863
747969,9615.566666666668,9615.1,0.004853359217920873
747970,9615.655555555557,9615.122222222222,0.00554666420149645
747971,9615.744444444446,9615.144444444446,0.006239961173578702
747972,9615.77777777778,9615.177777777779,0.006239939541922887
747973,9615.866666666669,9615.200000000003,0.006933226099430022
747974,9615.933333333336,9615.266666666668,0.006933178030158068
747975,9616.788888888892,9615.122222222224,0.017332304179639987
747976,9617.255555555557,9615.588888888891,0.01733146307588932
747977,9617.800000000001,9616.06666666667,0.018023763639120123
747978,9618.344444444445,9616.544444444446,0.01871599061889096
747979,9618.87777777778,9617.077777777778,0.0187149527851891
747980,9619.411111111112,9617.611111111113,0.01871391506654235
747981,9619.955555555556,9618.08888888889,0.019405991831002792
747982,9620.444444444445,9618.644444444446,0.01871190481414972
747983,9620.944444444445,9619.144444444446,0.01871093226641763
747984,9621.366666666667,9619.633333333333,0.01801708157926902
747985,9621.855555555554,9620.12222222222,0.018016166044380038
747986,9622.344444444441,9620.611111111108,0.01801525060253182
747987,9622.92222222222,9621.122222222219,0.01870708629048852
747988,9623.44444444444,9621.64444444444,0.018706071043802758
747989,9623.988888888884,9622.122222222217,0.019397858153163524
747990,9623.699999999993,9622.833333333327,0.009005950855220215
747991,9623.799999999994,9622.933333333327,0.009005857271018686
747992,9623.85555555555,9623.055555555551,0.00831302223386316
747993,9623.85555555555,9623.188888888884,0.006927470538038795
747994,9623.888888888883,9623.222222222217,0.006927446543197878
747995,9623.922222222218,9623.25555555555,0.006927422548542087
747996,9623.95555555555,9623.288888888883,0.006927398554033614
747997,9624.011111111107,9623.277777777774,0.00762012081355433
747998,9624.022222222216,9623.35555555555,0.00692735056549642
747999,9624.322222222218,9623.388888888883,0.009698122835972111
748000,9624.511111111107,9623.64444444444,0.00900519183945024
748001,9624.744444444439,9623.877777777774,0.009004973516124358
748002,9624.955555555553,9624.088888888886,0.009004775994653812
748003,9625.111111111108,9624.311111111108,0.00831193778975583
748004,9625.266666666665,9624.533333333331,0.0076191267788088815
748005,9625.688888888888,9624.688888888888,0.010389406499381831
748006,9626.02222222222,9625.02222222222,0.010389046712617039
748007,9626.488888888887,9625.288888888888,0.012466381171135918
748008,9626.855555555554,9625.655555555555,0.012465906323319648
748009,9627.21111111111,9626.077777777777,0.011772880362141774
748010,9627.566666666668,9626.5,0.011079910391233528
748011,9627.922222222223,9626.922222222223,0.010386996403791022
748012,9628.3,9627.366666666667,0.00969411601778681
748013,9628.71111111111,9627.71111111111,0.010386145343717942
748014,9628.8,9628.133333333333,0.006923913118731888
748015,9629.055555555557,9628.322222222223,0.007616128652570884
748016,9629.322222222223,9628.522222222224,0.008308302648379305
748017,9629.544444444444,9628.744444444445,0.008308110908657457
748018,9632.166666666666,9628.5,0.038074140735863
748019,9633.877777777778,9630.144444444444,0.038759645210821536
748020,9635.377777777778,9631.844444444443,0.03667714310430726
748021,9637.0,9633.4,0.03736300232481281
748022,9638.433333333332,9635.033333333333,0.03528166529459813
748023,9640.011111111111,9636.544444444444,0.035967698240239286
748024,9641.6,9638.066666666668,0.03665346911253149
748025,9643.166666666666,9639.633333333333,0.03664751315506927
748026,9644.744444444445,9641.144444444444,0.037332995339140626
748027,9646.333333333334,9642.666666666666,0.03801821418080647
748028,9647.922222222223,9644.122222222222,0.03939447694041967
748029,9649.488888888889,9645.68888888889,0.03938807969290364
748030,9651.033333333333,9647.3,0.03869073322394241
748031,9657.755555555555,9646.955555555556,0.11188978625826908
748032,9660.68888888889,9649.888888888889,0.11185579348567717
748033,9661.777777777777,9650.777777777777,0.11391552990857991
748034,9661.744444444445,9650.744444444445,0.11391592314472386
748035,9661.644444444444,9650.644444444444,0.11391710286944524
748036,9661.488888888887,9650.555555555555,0.11322812936543042
748037,9661.388888888887,9650.455555555554,0.11322930199427683
748038,9661.266666666666,9650.333333333334,0.11323073524029584
748039,9661.077777777777,9650.21111111111,0.11254211698856753
748040,9660.91111111111,9650.044444444444,0.11254405961843318
748041,9660.777777777777,9649.91111111111,0.11254561377061305
748042,9660.599999999999,9649.733333333332,0.11254768604029058
748043,9660.399999999998,9649.733333333332,0.11047740046676077
748044,9660.299999999997,9649.43333333333,0.11255118316842065
748045,9660.055555555555,9649.12222222222,0.11324493936678212
748046,9654.52222222222,9650.788888888888,0.03867674871277313
748047,9652.944444444443,9648.677777777777,0.04421044632978209
748048,9650.622222222222,9648.68888888889,0.02003525744729214
748049,9649.844444444445,9647.97777777778,0.019345878982297046
748050,9649.133333333333,9647.266666666666,0.019347304851337947
748051,9648.4,9646.533333333333,0.019348775498923252
748052,9647.7,9645.833333333334,0.019350179507470082
748053,9647.0,9645.066666666668,0.020042780970407365
748054,9646.333333333334,9644.0,0.02419173679390997
748055,9645.444444444443,9643.044444444444,0.024885308681512664
748056,9644.511111111111,9642.111111111111,0.024887717220222566
748057,9643.577777777777,9641.177777777777,0.024890126225201165
748058,9642.62222222222,9640.155555555555,0.02558414244142787
748059,9641.611111111111,9639.21111111111,0.024895203869836232
748060,9640.666666666664,9638.066666666664,0.026972726423938963
748061,9639.655555555555,9636.988888888887,0.02766733260400429
748062,9638.511111111111,9636.377777777778,0.02213588203419407
748063,9637.599999999999,9636.133333333331,0.015219331317929949
748064,9637.177777777775,9635.644444444442,0.01591187129371082
748065,9637.12222222222,9635.12222222222,0.020755236949856506
748066,9636.855555555554,9634.855555555554,0.020755811338899737
748067,9636.588888888888,9634.588888888888,0.020756385759735613
748068,9636.311111111108,9634.377777777776,0.020065015262087576
748069,9636.055555555553,9634.455555555553,0.016605683064398084
748070,9636.033333333331,9634.43333333333,0.01660572136291836
748071,9636.011111111111,9634.41111111111,0.016605759661615295
748072,9636.0,9634.266666666666,0.01798971818414804
748073,9635.855555555556,9634.18888888889,0.017298005424648204
748074,9635.766666666666,9634.233333333334,0.015914201695203408
748075,9635.722222222223,9634.255555555555,0.015222297436777723
748076,9635.71111111111,9634.244444444445,0.015222314991198731
748077,9635.655555555555,9634.255555555554,0.014530425095673738
748078,9635.666666666666,9634.2,0.015222385209363146
748079,9635.555555555557,9634.155555555557,0.014530575906686861
748080,9635.077777777777,9634.144444444444,0.009687296379364167
748081,9634.744444444445,9633.81111111111,0.00968763154709023
748082,9634.422222222222,9633.422222222222,0.010379988305213177
748083,9634.077777777777,9633.011111111111,0.011072421711624853
748084,9633.655555555557,9632.522222222224,0.011765004417642557
748085,9633.133333333333,9632.066666666668,0.011073507325807119
748086,9632.611111111111,9631.611111111111,0.010381940038528532
748087,9632.077777777777,9631.277777777777,0.008305925701179847
748088,9631.71111111111,9630.91111111111,0.00830624191005892
748089,9631.31111111111,9630.511111111111,0.008306586892659807
748090,9630.877777777778,9630.277777777777,0.006230155800048082
748091,9630.577777777777,9629.977777777776,0.006230349880300296
748092,9630.322222222221,9629.655555555555,0.0069228186486825815
748093,9629.966666666665,9629.43333333333,0.005538421065398375
748094,9629.777777777776,9629.177777777775,0.0062308674867603015
748095,9629.544444444442,9628.944444444442,0.006231018471511871
748096,9629.43333333333,9628.766666666665,0.006923457713244856
748097,9629.444444444443,9628.577777777777,0.009000578114057047
748098,9629.288888888888,9628.488888888887,0.008308331410119807
748099,9629.22222222222,9628.488888888887,0.007615996824362632
748100,9629.233333333332,9628.43333333333,0.00830837934676501
748101,9629.233333333332,9628.43333333333,0.00830837934676501
748102,9629.199999999999,9628.399999999998,0.008308408109017652
748103,9629.22222222222,9628.355555555554,0.009000785837841719
748104,9629.22222222222,9628.355555555554,0.009000785837841719
748105,9629.277777777777,9628.344444444443,0.00969313160850449
748106,9629.28888888889,9628.355555555556,0.009693120423184019
748107,9629.300000000001,9628.366666666669,0.009693109237870466
748108,9629.355555555558,9628.355555555558,0.010385450215036514
748109,9629.36666666667,9628.36666666667,0.010385438230875212
748110,9629.36666666667,9628.36666666667,0.010385438230875212
748111,9629.533333333336,9628.333333333338,0.012462439591774527
748112,9629.422222222225,9628.155555555559,0.01315499468607199
748113,9629.544444444447,9628.144444444448,0.014539647078911882
748114,9630.933333333336,9627.800000000001,0.03253935011303994
748115,9631.533333333335,9628.400000000001,0.03253732273216465
748116,9632.100000000002,9628.966666666669,0.03253540821553543
748117,9632.700000000003,9629.56666666667,0.03253338132583785
748118,9633.300000000001,9630.166666666668,0.03253135468866675
748119,9634.677777777779,9630.611111111113,0.04221755188951374
748120,9636.222222222223,9630.488888888889,0.05951543364375421
748121,9637.8,9630.066666666668,0.08027181698024094
748122,9639.733333333334,9629.733333333334,0.10379114453954788
748123,9640.677777777777,9629.744444444445,0.11347269102100326
748124,9641.166666666664,9630.166666666664,0.11415920019372473
748125,9642.71111111111,9630.444444444443,0.12729276875607964
748126,9643.999999999998,9629.799999999997,0.14735028899335606
748127,9644.033333333331,9630.033333333331,0.1452729228566191
748128,9644.044444444442,9629.977777777774,0.14596503526336274
748129,9642.72222222222,9630.388888888887,0.12798487241868978
748130,9642.2,9629.866666666667,0.12799180852426073
748131,9641.722222222223,9629.322222222223,0.12869048209345363
748132,9641.233333333334,9628.766666666666,0.129389379000178
748133,9640.8,9627.6,0.13701189512361076
748134,9639.177777777779,9626.77777777778,0.12872447425971512
748135,9637.666666666668,9626.533333333335,0.11558573242941009
748136,9636.100000000002,9626.500000000002,0.09967501791035854
748137,9633.855555555556,9626.522222222224,0.07614942362961506
748138,9632.611111111113,9626.211111111112,0.06646304666145858
748139,9631.811111111112,9625.47777777778,0.06577596015591104
748140,9629.97777777778,9624.911111111112,0.052627326970359774
748141,9628.222222222224,9625.288888888892,0.030470632773465105
748142,9627.811111111114,9625.011111111115,0.029086644728557483
748143,9627.377777777781,9624.777777777781,0.027009962520795093
748144,9627.055555555558,9624.388888888892,0.02770354894004437
748145,9626.677777777779,9624.011111111113,0.02770463625543506
748146,9626.488888888889,9623.555555555557,0.030476120112845173
748147,9626.77777777778,9621.911111111112,0.05056621461086652
748148,9626.4,9621.666666666666,0.049182428711457525
748149,9626.355555555554,9621.355555555554,0.051954229478368
748150,9626.22222222222,9620.355555555554,0.06096321885795696
748151,9625.699999999999,9619.166666666664,0.06789689371712632
748152,9625.611111111111,9616.477777777776,0.09493078829512075
748153,9625.377777777778,9613.71111111111,0.12128086453621727
748154,9624.577777777777,9610.577777777777,0.14556679783082366
748155,9622.322222222221,9608.188888888888,0.14698863958085
748156,9622.244444444443,9605.377777777776,0.17544204344906708
748157,9621.266666666665,9604.333333333332,0.17615401686639157
748158,9620.255555555554,9603.388888888887,0.17547834611080926
748159,9619.833333333332,9600.43333333333,0.20187024807149528
748160,9619.377777777778,9597.177777777777,0.23105077219296621
748161,9618.0,9594.666666666666,0.24289531212048238
748162,9615.71111111111,9594.31111111111,0.22280036693808755
748163,9613.988888888889,9593.122222222222,0.21728063680118598
748164,9613.111111111113,9591.444444444445,0.22564090696074532
748165,9612.18888888889,9590.522222222224,0.22566258005234738
748166,9611.722222222223,9588.388888888889,0.24305414899219963
748167,9610.477777777776,9588.277777777777,0.2312649893974496
748168,9608.41111111111,9588.677777777777,0.20558672669120223
748169,9606.888888888889,9589.488888888889,0.1812842006072867
748170,9606.755555555555,9589.555555555557,0.17920109650695637
748171,9604.488888888889,9590.022222222224,0.1507375372357468
748172,9603.144444444444,9588.677777777777,0.1507586564647956
748173,9601.833333333334,9587.3,0.1514746193158072
748174,9599.866666666667,9587.933333333332,0.12438459159814365
748175,9597.988888888887,9588.855555555554,0.09520412134240001
748176,9596.855555555554,9589.12222222222,0.08061443021466162
748177,9596.155555555555,9588.422222222222,0.08062031307555165
748178,9597.288888888888,9586.755555555554,0.10981347925708174
748179,9597.888888888887,9585.62222222222,0.12788760718116465
748180,9596.899999999998,9585.566666666664,0.11816346177238876
748181,9596.299999999997,9586.833333333332,0.0986978143994412
748182,9595.733333333332,9587.733333333332,0.08340515443854431
748183,9596.133333333331,9588.199999999999,0.08270637499347544
748184,9596.544444444442,9588.677777777775,0.08200756369196328
748185,9600.144444444442,9577.611111111108,0.23499447855676778
748186,9595.422222222222,9572.688888888888,0.23719951539884204
748187,9591.444444444443,9565.177777777777,0.2742306692898746
748188,9587.388888888887,9557.72222222222,0.30991375808154625
748189,9581.72222222222,9550.855555555554,0.32266082516615185
748190,9577.877777777778,9543.611111111111,0.35841002618345363
748191,9572.644444444444,9538.177777777777,0.3607031269077374
748192,9568.866666666667,9530.733333333334,0.3993102822397664
748193,9562.466666666667,9526.0,0.38208062809305954
748194,9555.655555555557,9521.18888888889,0.3613455754387569
748195,9551.733333333335,9515.200000000003,0.3832114236164477
748196,9547.866666666669,9510.800000000001,0.3889743948509952
748197,9544.855555555558,9504.388888888892,0.424863744960416
748198,9539.900000000001,9499.500000000002,0.4243831213168443
748199,9535.455555555558,9493.588888888891,0.44002910171235426
748200,9529.044444444447,9499.311111111114,0.3125160579065653
748201,9529.277777777781,9499.744444444448,0.31040305685116715
748202,9528.744444444448,9502.811111111114,0.2725298334929225
748203,9528.300000000005,9505.76666666667,0.23676846075984456
748204,9529.46666666667,9508.133333333337,0.22411788600804647
748205,9528.811111111114,9510.877777777781,0.1883784282189395
748206,9529.644444444448,9511.777777777781,0.18766105239571398
748207,9529.155555555559,9514.688888888892,0.15193010748297126
748208,9529.333333333336,9515.866666666669,0.14141796008093535
748209,9529.56666666667,9516.966666666669,0.132307541529871
748210,9528.97777777778,9516.911111111112,0.12671150962880018
748211,9527.233333333335,9516.700000000003,0.1106214052419092
748212,9525.311111111112,9518.177777777779,0.07491624433897955
748213,9525.311111111112,9518.177777777779,0.07491624433897955
748214,9524.844444444445,9519.111111111113,0.06021158069400358
748215,9523.211111111112,9519.944444444445,0.034308039517257666
748216,9523.18888888889,9519.988888888889,0.0336078362271546
748217,9524.355555555556,9519.355555555556,0.052510773460354945
748218,9524.511111111111,9519.444444444443,0.05321023410170115
748219,9524.644444444444,9519.577777777777,0.05320948902555181
748220,9524.733333333334,9519.733333333334,0.05250869018822615
748221,9524.766666666666,9519.9,0.05110792172786909
748222,9530.655555555557,9518.922222222223,0.12318733223600425
748223,9534.622222222222,9522.555555555557,0.12663644960836135
748224,9538.71111111111,9524.444444444443,0.1496779127158589
748225,9542.91111111111,9527.71111111111,0.15940748888925907
748226,9546.977777777776,9529.577777777777,0.1824228692577821
748227,9550.655555555557,9533.255555555555,0.18235255759361357
748228,9554.333333333334,9536.866666666667,0.1829813386970662
748229,9558.0,9540.466666666667,0.1836098534960871
748230,9561.633333333333,9544.1,0.18354001940080306
748231,9565.31111111111,9547.644444444444,0.18486587922327796
748232,9567.81111111111,9551.81111111111,0.16736732362215434
748233,9571.511111111111,9554.977777777776,0.17288414438615907
748234,9575.31111111111,9556.777777777777,0.19374082402571555
748235,9581.044444444444,9558.577777777777,0.23476604089480968
748236,9586.855555555554,9561.055555555555,0.2694810922224107
748237,9585.588888888888,9566.788888888888,0.19632027122828202
748238,9586.422222222222,9567.422222222222,0.19839359200299797
748239,9587.144444444444,9570.41111111111,0.17469173752160702
748240,9587.111111111111,9573.244444444445,0.14474331258060752
748241,9588.044444444444,9575.777777777777,0.12801899876155282
748242,9589.144444444444,9576.877777777778,0.1280043039128247
748243,9590.244444444445,9577.977777777776,0.12798961243726792
748244,9591.944444444443,9577.344444444443,0.15232698598916702
748245,9592.93333333333,9575.666666666664,0.18015574081222863
748246,9592.677777777777,9575.477777777776,0.17946431987313052
748247,9592.52222222222,9575.322222222221,0.1794672327381508
748248,9592.155555555555,9575.488888888887,0.1739041718451591
748249,9591.944444444443,9575.611111111111,0.17042687875343646
748250,9591.2,9575.2,0.16695884464479505
748251,9588.155555555557,9575.422222222223,0.13289098185099066
748252,9586.166666666666,9573.566666666668,0.13152583891214784
748253,9584.122222222222,9572.255555555555,0.12389259393738444
748254,9582.388888888889,9569.922222222223,0.13018446279762927
748255,9580.444444444445,9567.911111111112,0.1309076729536341
748256,9578.455555555556,9565.988888888889,0.13023795705165914
748257,9576.444444444443,9563.977777777776,0.13026532562268378
748258,9574.444444444443,9561.977777777776,0.1302925543959853
748259,9571.788888888888,9561.788888888888,0.10452828128792781
748260,9569.877777777778,9562.611111111111,0.07596154069517332
748261,9569.21111111111,9561.944444444443,0.0759668347849091
748262,9568.455555555556,9561.255555555555,0.07527557481846918
748263,9567.855555555556,9560.255555555555,0.07946419754521068
748264,9567.355555555556,9558.555555555557,0.09202175989291253
748265,9566.477777777776,9556.41111111111,0.1052839529127297
748266,9568.566666666664,9550.966666666665,0.18410491190508713
748267,9573.111111111111,9544.91111111111,0.29500959536726434
748268,9573.02222222222,9544.888888888887,0.29431388366464833
748269,9576.22222222222,9541.888888888887,0.35917076884630106
748270,9580.211111111108,9537.544444444442,0.44635644119078904
748271,9587.144444444442,9533.344444444441,0.5627471171123122
748272,9592.133333333331,9534.599999999999,0.6016012492113955
748273,9595.244444444445,9537.71111111111,0.6014056026658041
748274,9599.644444444444,9540.377777777778,0.6192956933754841
748275,9604.055555555555,9543.655555555555,0.6308848054945898
748276,9608.755555555554,9547.555555555555,0.6389539159708204
748277,9613.177777777775,9551.977777777774,0.6386590479017554
748278,9617.444444444442,9556.711111111108,0.6334916096551289
748279,9621.344444444441,9563.544444444442,0.6025575684566482
748280,9624.277777777776,9571.277777777776,0.5522111599907388
748281,9626.411111111109,9581.01111111111,0.4727339199892598
748282,9626.13333333333,9591.33333333333,0.36217052542477973
748283,9630.666666666662,9595.199999999995,0.3689473903213778
748284,9632.266666666663,9601.266666666663,0.32235366703292523
748285,9632.522222222218,9609.788888888887,0.2362848537482052
748286,9629.655555555551,9618.522222222218,0.11568194622752045
748287,9628.944444444442,9621.544444444442,0.07688116434560592
748288,9630.099999999997,9622.699999999995,0.07687193551069411
748289,9630.022222222218,9624.288888888887,0.059553762274291044
748290,9630.044444444442,9625.244444444443,0.049856431941346514
748291,9629.766666666663,9625.699999999995,0.042239087081772625
748292,9629.722222222219,9625.722222222219,0.04154669097917473
748293,9629.811111111108,9625.677777777775,0.04293148158620158
748294,9629.899999999998,9625.699999999999,0.043623673113264816
748295,9629.977777777776,9625.777777777777,0.043623320704101375
748296,9630.033333333333,9625.9,0.04293049068858303
748297,9630.08888888889,9626.022222222224,0.042237673465844915
748298,9629.97777777778,9626.511111111113,0.03600517920655243
748299,9629.27777777778,9628.144444444446,0.011770353479869128
748300,9629.400000000001,9628.333333333336,0.011077800779590153
748301,9629.555555555558,9628.555555555558,0.01038523450436468
748302,9629.700000000003,9628.766666666668,0.009692706584473356
748303,9629.877777777781,9628.944444444447,0.009692527638137244
748304,9630.044444444447,9629.111111111115,0.009692359881929008
748305,9630.088888888891,9629.288888888892,0.008307641183739004
748306,9630.133333333337,9629.400000000003,0.007615276244148273
748307,9630.200000000004,9629.46666666667,0.007615223524120274
748308,9630.211111111113,9629.544444444447,0.006922898525300934
748309,9630.233333333335,9629.56666666667,0.006922882549829803
748310,9630.744444444446,9629.544444444446,0.012460872284143134
748311,9631.08888888889,9629.822222222223,0.013152718055333504
748312,9632.833333333334,9629.833333333334,0.031148335294524817
748313,9634.0,9630.933333333332,0.03183677424267424
748314,9635.133333333333,9632.066666666668,0.03183302884348215
748315,9636.21111111111,9633.21111111111,0.031137415179374583
748316,9637.344444444443,9634.344444444443,0.0311337529086997
748317,9638.444444444443,9635.444444444443,0.031130199175626212
748318,9639.577777777777,9636.577777777777,0.031126538602095626
748319,9640.71111111111,9637.71111111111,0.031122878889351252
748320,9641.844444444443,9638.844444444443,0.0311192200370895
748321,9642.922222222222,9639.988888888887,0.03042417523403997
748322,9644.077777777777,9641.077777777777,0.031112012463241735
748323,9645.155555555557,9642.222222222223,0.030417129452547813
748324,9646.27777777778,9643.211111111112,0.031796245969316204
748325,9646.800000000001,9644.266666666668,0.02626431578001059
748326,9647.48888888889,9645.022222222226,0.025571234894815824
748327,9646.777777777781,9646.044444444447,0.00760213643070731
748328,9646.633333333335,9645.966666666669,0.006911112723697793
748329,9646.56666666667,9645.900000000001,0.00691116048752583
748330,9647.122222222224,9645.655555555559,0.015204307887220882
748331,9647.388888888892,9645.788888888892,0.016586173811587133
748332,9647.588888888891,9645.98888888889,0.016585829942264346
748333,9647.766666666668,9646.033333333335,0.017967775485737136
748334,9647.822222222223,9646.08888888889,0.017967672011667678
748335,9647.900000000001,9646.166666666668,0.01796752714997262
748336,9648.000000000002,9646.266666666668,0.017967340902654075
748337,9648.06666666667,9646.333333333336,0.017967216739920137
748338,9648.255555555555,9646.388888888889,0.019349065198288863
748339,9648.344444444445,9646.611111111113,0.01796669941364733
748340,9648.58888888889,9646.78888888889,0.018657318045074065
748341,9648.833333333334,9646.966666666667,0.01934790645287356
748342,9649.066666666668,9647.2,0.019347438537334904
748343,9649.255555555555,9647.455555555556,0.01865602889150189
748344,9649.544444444446,9647.677777777779,0.019346480495179025
748345,9649.2,9648.066666666668,0.01174605039055492
748346,9649.488888888889,9647.222222222223,0.023492777122638996
748347,9650.011111111113,9646.011111111113,0.04145932207098526
748348,9649.900000000001,9646.033333333335,0.04007752928941974
748349,9649.855555555558,9646.055555555558,0.03938658276479236
748350,9650.633333333335,9644.366666666669,0.06495637902737934
748351,9650.588888888891,9643.788888888892,0.0704868545471432
748352,9650.222222222224,9643.422222222225,0.07048953368638773
748353,9649.855555555558,9642.722222222224,0.07394899132193485
748354,9649.511111111113,9641.911111111112,0.07879149512621991
748355,9648.988888888889,9641.388888888889,0.07879576115668867
748356,9648.455555555556,9640.655555555557,0.08087464430132539
748357,9647.8,9639.933333333332,0.08157170706079292
748358,9647.2,9639.2,0.08296001327360211
748359,9646.966666666667,9638.366666666667,0.08918694690265865
748360,9646.522222222224,9637.988888888889,0.08849934835442146
748361,9645.744444444445,9638.41111111111,0.07605552975557996
748362,9644.922222222222,9639.188888888888,0.05946173303295423
748363,9644.688888888888,9638.955555555554,0.059463172014513385
748364,9644.499999999998,9638.699999999999,0.06015599070692906
748365,9643.477777777774,9640.144444444442,0.03457165147625457
748366,9643.288888888887,9640.488888888885,0.029039952982944598
748367,9643.366666666663,9640.63333333333,0.028348198852246185
748368,9643.888888888885,9639.755555555552,0.04286879842906472
748369,9644.888888888885,9639.355555555552,0.057387089748563484
748370,9645.766666666665,9638.033333333331,0.0802054920019247
748371,9646.188888888888,9637.922222222222,0.08573552204750925
748372,9647.02222222222,9637.688888888888,0.09679515839835022
748373,9648.333333333332,9637.599999999999,0.11130737774336644
748374,9648.722222222219,9638.522222222218,0.10576938586930981
748375,9649.355555555552,9639.022222222218,0.10714569625693479
748376,9649.93333333333,9639.599999999999,0.10713927760476792
748377,9650.422222222222,9640.155555555555,0.10644229307111108
748378,9650.899999999998,9640.699999999999,0.10574550581599154
748379,9653.766666666665,9640.299999999997,0.1395938647805421
748380,9659.344444444443,9639.21111111111,0.20865119438990706
748381,9662.422222222222,9640.155555555555,0.23071184505005413
748382,9664.844444444443,9642.511111111111,0.2313453364348062
748383,9668.833333333334,9645.833333333334,0.2381609830180864
748384,9671.533333333333,9650.4,0.21874967653340288
748385,9674.444444444443,9655.644444444444,0.19451540143517587
748386,9678.166666666666,9658.433333333332,0.2041034445903993
748387,9681.611111111113,9661.611111111113,0.20679077942891275
748388,9684.100000000002,9665.500000000002,0.19225203621780668
748389,9687.200000000003,9667.466666666669,0.20391292367043506
748390,9690.088888888891,9670.355555555558,0.20385206951172166
748391,9692.97777777778,9673.244444444446,0.20379125166383869
748392,9696.111111111113,9674.97777777778,0.2181945832219595
748393,9698.28888888889,9677.08888888889,0.21883444279796868
748394,9698.100000000002,9680.166666666668,0.1850870734912751
748395,9695.200000000003,9683.933333333336,0.11627626966461956
748396,9694.811111111114,9685.611111111115,0.09494117201894484
748397,9695.155555555559,9685.888888888892,0.09562608138306707
748398,9693.533333333335,9686.266666666668,0.07499217398184113
748399,9692.655555555559,9684.922222222225,0.07981733756426633
748400,9692.122222222224,9683.455555555558,0.0894596978326605
748401,9690.711111111112,9683.711111111112,0.07226021937285011
748402,9689.3,9683.633333333333,0.058500863748040845
748403,9688.355555555556,9682.755555555555,0.05781805667087676
748404,9687.255555555555,9682.855555555556,0.045430818385710774
748405,9686.344444444443,9682.011111111111,0.044746528128343475
748406,9686.21111111111,9680.944444444443,0.05438761155770919
748407,9685.477777777776,9681.611111111111,0.03993028264442281
748408,9685.78888888889,9681.655555555557,0.04268331162833266
748409,9686.133333333333,9681.333333333334,0.04956765985569552
748410,9686.188888888888,9681.055555555555,0.05301046669863999
748411,9686.01111111111,9680.877777777776,0.05301143991462969
748412,9685.777777777776,9680.777777777776,0.051635408120528525
748413,9686.022222222218,9680.888888888885,0.053011379087583424
748414,9686.299999999996,9680.83333333333,0.05645302867055185
748415,9686.63333333333,9680.83333333333,0.059894255658967006
748416,9687.122222222219,9680.855555555552,0.06471162594844163
748417,9687.299999999997,9681.033333333331,0.06471043800016961
748418,9687.466666666665,9681.199999999999,0.06470932433827582
748419,9688.055555555555,9680.52222222222,0.07778922561859876
748420,9688.344444444443,9680.477777777776,0.081230201572517
748421,9688.022222222224,9680.755555555555,0.07503484990163344
748422,9687.955555555556,9680.68888888889,0.07503536643991354
748423,9688.255555555555,9679.655555555557,0.08880668597311807
748424,9689.18888888889,9677.388888888889,0.12185942333643505
748425,9689.511111111113,9676.711111111112,0.13218891999817528
748426,9689.700000000003,9673.366666666669,0.16870605895760937
748427,9687.77777777778,9671.111111111113,0.17218619066750218
748428,9688.166666666668,9668.500000000002,0.20320303082486021
748429,9687.444444444447,9668.511111111115,0.19563315568678522
748430,9686.500000000004,9667.96666666667,0.19151479245100536
748431,9685.944444444447,9667.477777777782,0.19083618860401141
748432,9685.544444444447,9667.07777777778,0.19084407740323944
748433,9685.688888888892,9665.355555555558,0.21015230874705057
748434,9685.56666666667,9664.166666666668,0.22119167878284057
748435,9685.255555555557,9663.722222222224,0.22257851118175132
748436,9684.511111111113,9663.244444444446,0.2198360073921842
748437,9683.844444444445,9662.511111111113,0.2205411067947211
748438,9682.711111111112,9662.97777777778,0.20400755379319171
748439,9680.87777777778,9665.077777777778,0.16334163442718982
748440,9679.97777777778,9665.444444444445,0.15025087761217354
748441,9679.766666666668,9666.500000000002,0.13714963093654337
748442,9680.122222222224,9667.188888888892,0.13369644245711126
748443,9677.744444444448,9668.277777777781,0.09786680236305177
748444,9676.788888888892,9667.055555555558,0.10063494215214275
748445,9675.56666666667,9666.700000000003,0.09168177462827645
748446,9676.266666666668,9665.533333333335,0.11098587859799577
748447,9676.666666666668,9664.06666666667,0.1302949560685242
748448,9675.933333333336,9662.533333333335,0.13858389324215417
748449,9673.98888888889,9661.188888888892,0.13240116172824135
748450,9672.088888888891,9658.955555555558,0.1358781556896953
748451,9670.200000000004,9657.133333333337,0.13521437687559082
748452,9668.333333333338,9655.333333333338,0.13455003363750834
748453,9666.500000000004,9653.500000000004,0.134575569358178
748454,9667.533333333336,9650.533333333336,0.17600104910429265
748455,9667.500000000004,9649.833333333338,0.1829099944781825
748456,9667.855555555558,9651.055555555558,0.1739228458930782
748457,9670.244444444448,9648.911111111114,0.22085161302196946
748458,9672.111111111115,9646.977777777782,0.260191704462712
748459,9671.633333333337,9646.633333333337,0.2588223926232166
748460,9671.222222222226,9646.15555555556,0.25952452713847884
748461,9668.888888888894,9646.088888888893,0.23608621518822437
748462,9667.022222222227,9646.088888888893,0.2167784694335554
748463,9665.74444444445,9647.477777777784,0.18916228950804886
748464,9665.533333333338,9649.000000000005,0.17120096093442078
748465,9665.74444444445,9650.077777777782,0.16221589209538162
748466,9666.222222222226,9650.622222222226,0.16151706397870735
748467,9666.711111111113,9651.111111111115,0.16150888874060665
748468,9667.211111111113,9651.611111111115,0.16150052855762642
748469,9664.86666666667,9653.200000000004,0.1207850336990181
748470,9663.544444444447,9652.611111111115,0.11320403070773497
748471,9661.511111111115,9651.977777777782,0.09872202156926085
748472,9659.011111111115,9653.944444444447,0.052469096737604595
748473,9656.800000000001,9655.733333333335,0.011046367126001384
748474,9656.733333333335,9655.866666666669,0.008975142307786501
748475,9656.733333333335,9655.866666666669,0.008975142307786501
748476,9664.333333333336,9654.400000000001,0.1028362798113158
748477,9669.000000000002,9658.933333333336,0.10416702596241392
748478,9673.633333333335,9663.56666666667,0.10411710761295012
748479,9678.300000000001,9668.166666666668,0.10475642408432764
748480,9683.011111111113,9672.211111111112,0.11159778871049422
748481,9689.466666666669,9669.933333333336,0.20179688764458448
748482,9691.866666666669,9667.666666666668,0.25000602631606883
748483,9691.211111111112,9666.87777777778,0.2514022274926003
748484,9693.711111111112,9664.444444444445,0.30237040489394396
748485,9694.644444444446,9665.311111111112,0.30303099869375894
748486,9695.955555555558,9666.155555555559,0.3078176736925994
748487,9697.133333333335,9667.266666666668,0.30846983812219103
748488,9698.311111111114,9668.444444444447,0.3084323193008879
748489,9699.477777777782,9669.611111111115,0.308395163427639
748490,9700.644444444448,9670.777777777781,0.3083580165054146
748491,9694.211111111113,9673.411111111114,0.21479146754663095
748492,9690.711111111113,9670.044444444447,0.2134902907829521
748493,9687.255555555557,9666.522222222226,0.21425618885774325
748494,9683.77777777778,9663.044444444446,0.21433321808807204
748495,9681.611111111113,9659.677777777779,0.226803223501144
748496,9676.78888888889,9663.58888888889,0.13650198720696774
748497,9676.011111111113,9667.544444444446,0.08753992142086293
748498,9678.300000000001,9669.966666666669,0.08614036054908057
748499,9678.58888888889,9673.522222222224,0.052362934850623544
748500,9679.344444444445,9674.411111111112,0.05098063080492256
748501,9679.744444444446,9675.27777777778,0.04615511793666457
748502,9680.466666666669,9675.866666666669,0.047529662987139745
748503,9682.08888888889,9676.08888888889,0.06198930569681719
748504,9684.522222222224,9676.322222222223,0.08470704904975052
748505,9686.633333333333,9677.566666666668,0.09364359660265538
748506,9688.888888888889,9679.08888888889,0.10119796823851678
748507,9690.833333333334,9681.1,0.10048902363901288
748508,9692.81111111111,9683.144444444444,0.09978002518584839
748509,9702.7,9683.033333333333,0.20289835136493378
748510,9706.97777777778,9689.111111111113,0.18422958122141586
748511,9714.522222222224,9693.78888888889,0.213654173355289
748512,9723.08888888889,9694.622222222222,0.293203112393387
748513,9729.111111111111,9696.377777777778,0.3370142550394867
748514,9734.577777777777,9700.444444444443,0.35125592287005236
748515,9740.255555555554,9705.255555555554,0.3599802525118623
748516,9745.344444444441,9710.344444444441,0.3597919374624504
748517,9750.411111111109,9714.544444444442,0.36852554391196624
748518,9754.644444444442,9719.311111111108,0.3628778265672278
748519,9757.888888888885,9724.355555555552,0.3442450732918016
748520,9761.388888888885,9728.588888888886,0.33658324677411816
748521,9764.766666666663,9732.63333333333,0.3296165984524421
748522,9768.411111111107,9736.211111111106,0.33017814580704136
748523,9772.011111111107,9739.811111111107,0.3300563077427778
748524,9767.711111111106,9745.511111111107,0.2275380226512966
748525,9771.25555555555,9744.722222222217,0.2719139531255823
748526,9770.999999999996,9747.266666666663,0.24319099373578515
748527,9769.722222222219,9753.655555555551,0.16458900554549724
748528,9770.955555555553,9759.155555555551,0.12083904625906418
748529,9772.488888888885,9760.622222222219,0.12150308877234225
748530,9773.655555555551,9762.588888888886,0.1132936957063183
748531,9780.966666666665,9763.166666666664,0.18215184778383042
748532,9787.299999999997,9764.699999999999,0.23117839607199828
748533,9799.888888888887,9762.955555555554,0.37758653592750924
748534,9806.422222222222,9763.422222222222,0.4394516279582078
748535,9809.966666666665,9763.299999999997,0.4768408611746077
748536,9816.422222222222,9759.888888888887,0.5775688076518922
748537,9817.377777777778,9759.71111111111,0.5891240213900955
748538,9818.78888888889,9758.58888888889,0.61499553906891
748539,9819.444444444445,9758.711111111112,0.6204193562666805
748540,9818.08888888889,9759.022222222224,0.6034257693224414
748541,9820.6,9757.6,0.6435729535912392
748542,9823.511111111111,9757.844444444443,0.6707060344250494
748543,9826.444444444443,9756.977777777776,0.7094435883411644
748544,9826.08888888889,9759.555555555557,0.6794091817816628
748545,9827.022222222224,9760.355555555556,0.6807104802185657
748546,9822.555555555557,9760.755555555555,0.6311496523684109
748547,9822.455555555556,9759.722222222223,0.6407186580087587
748548,9815.733333333334,9759.4,0.5755601494413041
748549,9815.477777777776,9755.477777777776,0.6131535052509786
748550,9819.41111111111,9752.544444444444,0.6832906040161787
748551,9816.02222222222,9754.555555555555,0.6281538272872067
748552,9822.644444444444,9751.444444444443,0.7274923538373934
748553,9828.799999999997,9751.399999999998,0.7905945802392176
748554,9833.133333333331,9753.733333333332,0.8107473375016558
748555,9834.899999999998,9758.166666666664,0.7832702724773415
748556,9834.699999999999,9761.366666666665,0.7484495187809862
748557,9839.788888888888,9756.655555555555,0.848453234146783
748558,9845.788888888888,9752.988888888887,0.9469978286627965
748559,9847.355555555554,9754.755555555554,0.9447961954211319
748560,9848.933333333332,9756.4,0.9439608269858494
748561,9850.3,9759.633333333333,0.9247014268278939
748562,9848.977777777776,9761.111111111111,0.8961373624007424
748563,9846.177777777777,9766.377777777778,0.8137644252831162
748564,9842.844444444443,9771.977777777776,0.7225828086922941
748565,9837.577777777777,9777.377777777778,0.6138173479872957
748566,9836.71111111111,9781.044444444444,0.5675131032092181
748567,9831.43333333333,9786.566666666664,0.45740306521222135
748568,9826.166666666664,9789.966666666665,0.369083951305377
748569,9823.399999999998,9789.799999999997,0.3426263944690348
748570,9825.033333333331,9787.366666666665,0.3841107326657223
748571,9824.922222222222,9787.12222222222,0.3854774050413577
748572,9822.699999999999,9790.633333333331,0.3269884432359027
748573,9817.266666666665,9794.599999999999,0.23115256749314428
748574,9817.522222222218,9793.588888888886,0.24407932011330588
748575,9816.955555555553,9793.088888888886,0.2434126728705937
748576,9816.411111111107,9792.54444444444,0.24342618962084353
748577,9815.03333333333,9794.699999999995,0.20738000856718036
748578,9815.488888888885,9794.955555555553,0.20941221797907655
748579,9815.577777777775,9796.311111111108,0.1964794597381383
748580,9816.466666666665,9797.266666666665,0.19578118733133312
748581,9817.666666666664,9796.666666666664,0.21412912326020092
748582,9817.666666666664,9796.666666666664,0.21412912326020092
748583,9817.633333333331,9796.699999999999,0.21344934826571546
748584,9817.888888888885,9795.555555555553,0.22773494371773234
748585,9813.811111111108,9795.477777777774,0.18698621288324296
748586,9811.055555555553,9792.988888888885,0.18431570809652398
748587,9804.477777777774,9793.144444444442,0.11566028985374543
748588,9800.166666666664,9792.966666666665,0.07349513605105439
748589,9797.444444444443,9790.111111111111,0.07487747322561841
748590,9794.72222222222,9787.055555555555,0.07830409223994479
748591,9791.844444444443,9784.111111111111,0.07900848887181988
748592,9788.899999999998,9781.633333333331,0.07426130441002894
748593,9786.577777777775,9779.311111111108,0.07427893215516555
748594,9785.599999999999,9776.466666666665,0.0933780002794512
748595,9783.422222222222,9774.22222222222,0.0940808595445561
748596,9780.922222222222,9773.52222222222,0.07568611852947679
748597,9779.555555555555,9772.22222222222,0.07501449143585179
748598,9780.233333333334,9769.9,0.10571112899486386
748599,9781.144444444446,9769.211111111112,0.12207791617317415
748600,9781.866666666669,9770.000000000002,0.1213865342780582
748601,9782.544444444446,9771.077777777778,0.11728432242733583
748602,9783.466666666667,9772.0,0.11727326033300646
748603,9784.41111111111,9772.877777777778,0.11794409131917356
748604,9784.899999999998,9774.766666666665,0.10361458102557863
748605,9786.177777777775,9776.377777777776,0.10019140875708521
748606,9788.522222222218,9777.722222222219,0.11039420498567658
748607,9790.522222222218,9779.722222222219,0.11037164130124247
748608,9791.855555555552,9781.988888888885,0.10081480615288327
748609,9792.511111111107,9784.44444444444,0.08240981743842554
748610,9794.377777777774,9786.311111111107,0.0823941048493444
748611,9796.255555555552,9788.188888888886,0.08237830477702404
748612,9798.133333333331,9790.066666666664,0.08236251076329133
748613,9797.988888888885,9792.92222222222,0.05172466597321352
748614,9797.699999999995,9793.766666666663,0.04015353623345354
748615,9798.388888888883,9792.322222222218,0.06193411389977484
748616,9797.722222222217,9791.25555555555,0.06602352343268368
748617,9796.977777777773,9790.244444444439,0.06875230450690895
748618,9796.04444444444,9789.311111111107,0.06875885724141077
748619,9795.33333333333,9788.266666666663,0.07216923003602523
