,hband,lband,w
747180,9523.333333333334,9503.333333333334,0.21023125437981777
747181,9517.583333333334,9507.083333333334,0.11038301152889231
747182,9521.444444444445,9507.111111111111,0.15065077631863857
747183,9522.333333333334,9506.333333333334,0.1681673264898574
747184,9527.7,9501.9,0.27115651406231445
747185,9528.388888888889,9504.222222222223,0.2539500915095955
747186,9529.214285714286,9506.214285714286,0.2416546589817483
747187,9529.166666666666,9508.916666666666,0.21273149870653998
747188,9529.388888888889,9510.5,0.19841385629000888
747189,9529.433333333332,9511.633333333333,0.18696431572460165
747190,9529.954545454546,9511.954545454546,0.18905667403478452
747191,9529.222222222223,9511.472222222223,0.18644277971887696
747192,9527.820512820514,9511.435897435898,0.172114026215739
747193,9526.67857142857,9511.392857142857,0.1605804909710938
747194,9525.68888888889,9511.355555555556,0.1505835989947149
747195,9524.8125,9511.3125,0.14183558891318482
747196,9524.039215686274,9511.274509803921,0.13411605468062165
747197,9524.00925925926,9511.12037037037,0.1354221288708867
747198,9524.508771929824,9510.877192982456,0.14322356239579556
747199,9524.983333333334,9510.633333333333,0.15077000394874204
747200,9524.936507936507,9511.269841269841,0.1435860319641455
747201,9525.0,9511.818181818182,0.13848761968434203
747202,9525.028985507246,9512.376811594202,0.13291909672871832
747203,9525.055555555555,9512.888888888889,0.1278149193277689
747204,9525.119999999999,9513.359999999999,0.1235392741437365
747205,9525.429487179486,9513.083333333332,0.12969662034580823
747206,9525.487654320987,9513.339506172839,0.12761445908134098
747207,9525.470238095237,9513.541666666666,0.12530662293022843
747208,9525.689655172411,9513.344827586205,0.12967913469966932
747209,9525.705555555554,9513.172222222222,0.13166042116160634
747210,9525.438888888888,9513.405555555555,0.12640823205889673
747211,9525.555555555555,9513.388888888887,0.12780820598715606
747212,9525.377777777776,9513.477777777774,0.12500751387369002
747213,9525.161111111109,9513.961111111108,0.11765248281171527
747214,9524.149999999996,9515.08333333333,0.09524193025978671
747215,9523.777777777776,9514.811111111108,0.09419465611655904
747216,9523.066666666662,9514.599999999997,0.08894647453292948
747217,9522.611111111108,9514.044444444442,0.0900018035380763
747218,9521.999999999996,9513.666666666662,0.08755494072531152
747219,9521.427777777775,9513.327777777775,0.08510747591540536
747220,9520.67222222222,9513.238888888885,0.07810621043612075
747221,9520.38333333333,9513.449999999995,0.07285272716129321
747222,9520.44444444444,9513.477777777773,0.07320263879752045
747223,9521.63333333333,9513.099999999997,0.08966065543339563
747224,9522.705555555553,9511.705555555553,0.11558014519901678
747225,9524.67222222222,9509.57222222222,0.15866140675111093
747226,9524.29444444444,9509.19444444444,0.15866770499249086
747227,9523.522222222216,9508.888888888883,0.1537727747462358
747228,9522.411111111107,9508.64444444444,0.14467580767108482
747229,9521.288888888883,9508.422222222218,0.13522713604572123
747230,9520.522222222216,9507.588888888884,0.13593922442233702
747231,9519.672222222218,9506.805555555551,0.13525011635831605
747232,9518.844444444438,9505.97777777777,0.13526188593381647
747233,9518.005555555548,9505.172222222214,0.13492312886152394
747234,9517.544444444437,9504.27777777777,0.13948891448651712
747235,9516.716666666656,9504.316666666657,0.13038198064948783
747236,9516.094444444434,9503.894444444433,0.12828608966357227
747237,9515.533333333324,9503.49999999999,0.12653990476206672
747238,9514.722222222214,9503.48888888888,0.11813238656048651
747239,9514.09999999999,9503.466666666656,0.11182643415648924
747240,9513.866666666658,9503.366666666658,0.11042615732747675
747241,9513.622222222213,9503.28888888888,0.10867520253903314
747242,9513.07777777777,9503.211111111103,0.10377068548250584
747243,9513.649999999992,9502.583333333325,0.11639178456302272
747244,9513.788888888881,9502.455555555549,0.1191963362318172
747245,9513.744444444435,9502.811111111103,0.11498752548947694
747246,9513.961111111103,9503.02777777777,0.11498490530980479
747247,9515.611111111102,9502.011111111102,0.1430252409169079
747248,9517.811111111103,9500.411111111103,0.18298240284171538
747249,9518.244444444435,9500.844444444436,0.18297406465316934
747250,9518.68888888888,9501.255555555546,0.18331634337056585
747251,9519.133333333324,9501.666666666657,0.18365859129655082
747252,9519.555555555546,9502.122222222213,0.18329963883311204
747253,9518.822222222214,9502.98888888888,0.1664755605115363
747254,9518.211111111103,9504.844444444436,0.14053122672780244
747255,9516.73888888888,9507.43888888888,0.0977703226771004
747256,9520.472222222214,9507.43888888888,0.1369917407877968
747257,9522.466666666658,9509.433333333325,0.13696302873946226
747258,9524.51666666666,9511.449999999992,0.13728398347690102
747259,9526.549999999992,9513.483333333326,0.1372546616689996
747260,9528.561111111103,9515.52777777777,0.13687536756811766
747261,9530.572222222216,9517.538888888881,0.13684646479967344
747262,9533.677777777772,9518.911111111105,0.15500955542349495
747263,9536.216666666662,9521.41666666666,0.15531834138202996
747264,9538.34444444444,9524.011111111107,0.15038365318031016
747265,9540.627777777774,9526.29444444444,0.15034763520070013
747266,9542.899999999996,9528.599999999997,0.14996198516109668
747267,9545.161111111107,9530.89444444444,0.14957669445989344
747268,9547.44444444444,9533.177777777773,0.14954089547510432
747269,9549.727777777773,9535.461111111106,0.14950511362213734
747270,9551.98333333333,9537.749999999996,0.1491202950276964
747271,9554.277777777774,9540.011111111107,0.1494338621321301
747272,9556.588888888884,9542.288888888883,0.14974701829486187
747273,9557.95555555555,9544.822222222218,0.1375018176530452
747274,9559.749999999995,9546.883333333328,0.13468271926503847
747275,9561.661111111107,9548.79444444444,0.13465578179716764
747276,9563.57222222222,9550.705555555553,0.1346288551024989
747277,9563.977777777773,9553.877777777774,0.1056603861311583
747278,9563.911111111107,9557.611111111106,0.06589433546958412
747279,9565.599999999995,9559.299999999994,0.06588269742588036
747280,9567.272222222216,9561.00555555555,0.06552253934692134
747281,9568.95555555555,9562.688888888884,0.06551100910184621
747282,9570.738888888884,9563.772222222216,0.07281781725399528
747283,9572.077777777773,9565.077777777773,0.07315611747711262
747284,9573.438888888884,9566.40555555555,0.07349415355751414
747285,9574.722222222217,9567.75555555555,0.0727875121240016
747286,9573.166666666662,9569.933333333329,0.03378066596667809
747287,9573.327777777773,9570.127777777774,0.03343179073090855
747288,9573.466666666662,9570.299999999994,0.033083005260210525
747289,9573.633333333328,9570.466666666662,0.0330824292253599
747290,9573.84444444444,9570.611111111106,0.03377827406948945
747291,9574.038888888883,9570.772222222216,0.0341258699049848
747292,9573.133333333328,9571.599999999995,0.016018330541727917
747293,9572.799999999994,9571.266666666661,0.016018888358790184
747294,9572.444444444438,9570.944444444438,0.01567120647975368
747295,9572.083333333327,9570.616666666661,0.015323508874561409
747296,9571.788888888883,9570.25555555555,0.01602058064156115
747297,9571.472222222217,9569.938888888884,0.01602111071573806
747298,9571.183333333327,9569.616666666661,0.01636991835937576
747299,9570.888888888883,9569.288888888883,0.01671875798204972
747300,9570.59444444444,9568.961111111106,0.017067620286084568
747301,9570.272222222218,9568.638888888885,0.017068194986129378
747302,9569.949999999999,9568.316666666664,0.017068769724897043
747303,9569.633333333331,9567.999999999998,0.01706933459205035
747304,9569.316666666664,9567.68333333333,0.017069899496610884
747305,9568.977777777774,9567.377777777776,0.016722097322591216
747306,9568.76111111111,9566.661111111109,0.0219488232411366
747307,9569.244444444443,9562.277777777776,0.07282919347186102
747308,9567.111111111108,9558.877777777776,0.08609576614482775
747309,9564.977777777774,9555.51111111111,0.0990211779800935
747310,9562.033333333331,9552.533333333331,0.09940063162997856
747311,9559.072222222221,9549.605555555554,0.09908238316390792
747312,9556.02222222222,9547.255555555554,0.09178180591463109
747313,9553.43333333333,9544.633333333331,0.09215592503254369
747314,9550.794444444442,9542.027777777776,0.09183206719918927
747315,9548.205555555553,9539.405555555551,0.09220640496891218
747316,9545.777777777774,9536.711111111106,0.09502603899795005
747317,9543.90555555555,9534.00555555555,0.10378494733874519
747318,9541.738888888884,9531.838888888884,0.10380852628009753
747319,9539.555555555551,9529.65555555555,0.1038322974381777
747320,9537.322222222218,9527.488888888884,0.1031568923082905
747321,9535.116666666661,9525.31666666666,0.1028308205654761
747322,9532.91666666666,9523.116666666661,0.10285456399634703
747323,9530.716666666662,9520.91666666666,0.1028783183944099
747324,9528.544444444438,9518.711111111104,0.10325197039177476
747325,9526.372222222215,9516.505555555548,0.10362579418727112
747326,9524.144444444437,9514.311111111103,0.10329969576197595
747327,9521.949999999992,9512.083333333325,0.10367394544158756
747328,9519.722222222215,9509.822222222216,0.10404873357743344
747329,9517.472222222215,9507.572222222216,0.10407334425849996
747330,9515.227777777769,9505.32777777777,0.1040979057744508
747331,9512.983333333324,9503.083333333323,0.10412247888629052
747332,9510.733333333324,9500.833333333323,0.10414712446985569
747333,9508.483333333324,9498.583333333323,0.1041717817233043
747334,9506.227777777769,9496.32777777777,0.10419651158031001
747335,9504.005555555546,9494.072222222214,0.10457198301347732
747336,9501.661111111101,9492.227777777767,0.09933019392203203
747337,9498.605555555547,9494.03888888888,0.048088792269296854
747338,9498.172222222212,9494.872222222213,0.03474956329041331
747339,9497.727777777769,9495.694444444436,0.021410921207804866
747340,9498.127777777769,9496.094444444436,0.021410019421105424
747341,9498.533333333326,9496.466666666658,0.02176011231026604
747342,9498.938888888883,9496.838888888882,0.02211017653046091
747343,9499.333333333325,9497.26666666666,0.021758279551769247
747344,9499.722222222215,9497.688888888883,0.02140642555388617
747345,9500.12777777777,9498.12777777777,0.02105456465886051
747346,9500.349999999995,9498.649999999994,0.017895678719940297
747347,9500.038888888883,9499.172222222218,0.009123185816469252
747348,9500.111111111106,9499.077777777773,0.010877657350279443
747349,9500.244444444439,9498.977777777773,0.013333879164641621
747350,9500.216666666662,9498.949999999993,0.013333918154321618
747351,9500.172222222218,9498.938888888884,0.012983063535138705
747352,9500.166666666662,9498.63333333333,0.016141370332156228
747353,9499.922222222218,9498.35555555555,0.016492723024610592
747354,9499.649999999996,9498.08333333333,0.016493195679474364
747355,9499.355555555552,9497.82222222222,0.01614274868898145
747356,9499.083333333332,9497.549999999997,0.016143211340970957
747357,9498.816666666664,9497.283333333331,0.0161436645767589
747358,9498.533333333331,9497.066666666664,0.015442172573302786
747359,9498.294444444442,9496.861111111108,0.015091567206619623
747360,9498.055555555555,9496.62222222222,0.015091946808502187
747361,9497.794444444444,9496.394444444444,0.014741350717203833
747362,9497.555555555555,9496.188888888888,0.014390702903939828
747363,9497.322222222221,9495.955555555554,0.014391056484897984
747364,9497.094444444441,9495.727777777774,0.014391401664021723
747365,9496.861111111108,9495.494444444443,0.014391755279299185
747366,9496.599999999999,9495.266666666665,0.014041098294715003
747367,9496.372222222219,9495.038888888887,0.014041435104862127
747368,9496.111111111108,9494.811111111108,0.013690751663213893
747369,9495.916666666664,9494.516666666665,0.014744265972512159
747370,9495.644444444442,9494.277777777776,0.014393599412087107
747371,9495.377777777776,9494.01111111111,0.01439400366871685
747372,9495.111111111108,9493.744444444443,0.014394407948035865
747373,9494.838888888888,9493.47222222222,0.014394820673304385
747374,9494.62222222222,9493.188888888888,0.015097404592293842
747375,9494.338888888888,9492.905555555555,0.01509785516825607
747376,9494.055555555555,9492.62222222222,0.01509830577113278
747377,9493.81111111111,9492.344444444443,0.015449854104223741
747378,9493.427777777777,9492.16111111111,0.013343454070131343
747379,9493.011111111111,9491.977777777776,0.010885793395849008
747380,9493.094444444443,9491.66111111111,0.0150998344870766
747381,9493.044444444444,9491.611111111111,0.015099914024124
747382,9493.144444444444,9491.577777777777,0.016504499231847408
747383,9493.383333333333,9491.783333333333,0.01685526419749134
747384,9493.638888888887,9492.038888888888,0.0168548104389647
747385,9493.916666666664,9492.283333333331,0.01720547906725108
747386,9494.161111111109,9492.561111111108,0.01685388326930607
747387,9494.405555555551,9492.838888888886,0.016502306811814336
747388,9494.67222222222,9493.105555555552,0.016501843291014857
747389,9494.92222222222,9493.355555555552,0.01650140876389544
747390,9495.149999999996,9493.616666666663,0.016149899150896395
747391,9495.42222222222,9493.855555555552,0.016500539778304887
747392,9495.677777777775,9494.077777777775,0.016851191110064345
747393,9495.933333333329,9494.33333333333,0.016850737570810435
747394,9496.177777777775,9494.577777777775,0.016850303773535753
747395,9496.422222222222,9494.822222222221,0.016849869998576277
747396,9496.694444444443,9495.06111111111,0.01720044604149743
747397,9496.916666666666,9495.316666666668,0.016848992658387144
747398,9497.18888888889,9495.555555555557,0.017199550471611567
747399,9497.427777777777,9495.861111111111,0.01649705510015382
747400,9497.72222222222,9496.12222222222,0.016847563479634075
747401,9497.999999999998,9496.43333333333,0.016496061126689915
747402,9498.288888888887,9496.722222222219,0.01649555936033221
747403,9498.57222222222,9497.005555555552,0.01649506727297657
747404,9499.177777777775,9497.244444444443,0.020354710068202744
747405,9499.677777777775,9497.744444444443,0.020353638622307078
747406,9500.177777777775,9498.244444444443,0.02035256728920456
747407,9500.661111111109,9498.727777777774,0.020351531774424017
747408,9501.17222222222,9499.205555555553,0.0207013427803241
747409,9501.655555555551,9499.688888888886,0.020700289628614584
747410,9501.777777777776,9500.244444444443,0.01613863319809896
747411,9502.044444444442,9500.51111111111,0.0161381802447573
747412,9502.149999999996,9501.049999999996,0.011576997558309803
747413,9502.355555555552,9501.32222222222,0.010875087921572652
747414,9502.566666666664,9501.533333333331,0.010874846305090466
747415,9502.783333333331,9501.749999999998,0.010874598341443253
747416,9502.999999999998,9501.966666666665,0.010874350389103709
747417,9503.199999999999,9502.166666666664,0.010874121520075917
747418,9503.555555555555,9502.355555555554,0.012627650345046511
747419,9504.566666666664,9502.43333333333,0.022447870082950624
747420,9505.266666666665,9503.033333333331,0.02349850679264928
747421,9505.911111111109,9503.711111111108,0.023146172756962326
747422,9506.555555555553,9504.388888888885,0.02279388773134881
747423,9507.194444444442,9505.061111111108,0.022441664820877425
747424,9507.88333333333,9505.549999999996,0.024544050434523738
747425,9508.433333333329,9506.099999999997,0.024542630549251328
747426,9508.961111111106,9506.661111111107,0.024190636237097992
747427,9509.511111111107,9507.211111111106,0.024189236958127303
747428,9510.038888888883,9507.772222222216,0.023837303393366135
747429,9510.561111111107,9508.327777777773,0.023485423847639415
747430,9511.566666666662,9506.899999999996,0.049075109455014546
747431,9511.105555555552,9506.405555555551,0.04942812939654046
747432,9510.805555555553,9505.872222222219,0.051884281691928595
747433,9510.33333333333,9505.433333333329,0.051536181379326876
747434,9510.566666666662,9504.699999999995,0.061704805612333845
747435,9510.272222222218,9504.372222222219,0.06205743175727334
747436,9509.955555555553,9504.055555555553,0.062059498814028655
747437,9509.616666666663,9503.749999999996,0.06171097175495966
747438,9509.272222222218,9503.438888888886,0.06136245692938654
747439,9508.949999999999,9503.116666666665,0.06136453690814543
747440,9508.655555555555,9502.788888888888,0.061717211270405664
747441,9508.366666666665,9502.466666666665,0.06206987244114817
747442,9508.044444444444,9502.144444444444,0.06207197660669305
747443,9507.72222222222,9501.855555555554,0.06172327166071968
747444,9507.411111111109,9501.544444444442,0.061725292055324926
747445,9507.088888888888,9501.22222222222,0.06172738474632277
747446,9506.777777777777,9500.877777777778,0.062080249536878684
747447,9506.488888888887,9500.555555555555,0.06243299267989806
747448,9506.049999999997,9500.216666666665,0.06138326306409944
747449,9504.949999999999,9500.016666666665,0.051916253470594226
747450,9504.172222222222,9499.305555555555,0.05121869505757262
747451,9503.422222222222,9498.555555555555,0.051222738217894394
747452,9502.672222222222,9497.805555555555,0.05122678201659385
747453,9501.93333333333,9497.033333333331,0.051581752691809236
747454,9501.144444444444,9496.444444444443,0.049479963246805654
747455,9500.494444444445,9495.794444444444,0.04948334937936012
747456,9499.87222222222,9495.138888888887,0.049837647429064345
747457,9499.22222222222,9494.488888888887,0.049841058502407456
747458,9498.588888888888,9493.855555555554,0.049844382561489
747459,9497.966666666665,9493.199999999999,0.050198776624217484
747460,9496.855555555554,9494.52222222222,0.024572554562778733
747461,9497.227777777774,9494.894444444442,0.024571591379102906
747462,9497.422222222222,9495.322222222221,0.02211370774922035
747463,9497.783333333331,9495.649999999998,0.02246390419144735
747464,9497.088888888886,9496.32222222222,0.008072975014139781
747465,9497.077777777773,9496.311111111107,0.008072984459502365
747466,9497.088888888884,9496.288888888883,0.008423988711866622
747467,9497.099999999995,9496.266666666661,0.008774993374886393
747468,9497.099999999995,9496.266666666661,0.008774993374886393
747469,9497.083333333327,9496.249999999995,0.008775008774996011
747470,9497.072222222216,9496.238888888882,0.008775019041797713
747471,9497.044444444438,9496.244444444437,0.008424028136265473
747472,9497.022222222215,9496.255555555548,0.008073031686646822
747473,9496.988888888882,9496.222222222215,0.008073060023198724
747474,9496.961111111104,9496.22777777777,0.0077220664483843475
747475,9496.944444444438,9496.211111111104,0.007722080000751367
747476,9496.905555555548,9496.205555555549,0.007371093612877396
747477,9496.87777777777,9496.211111111104,0.007020097368744125
747478,9496.855555555549,9496.222222222215,0.006669096401787217
747479,9496.833333333327,9496.199999999993,0.006669112007734897
747480,9496.81666666666,9496.183333333327,0.0066691237122435895
747481,9496.799999999994,9496.16666666666,0.006669135416793364
747482,9496.794444444438,9496.12777777777,0.007020158971512684
747483,9496.749999999995,9496.116666666661,0.006669170530689197
747484,9496.733333333328,9496.099999999995,0.00666918223540331
747485,9496.722222222215,9496.088888888882,0.006669190038568878
747486,9496.699999999993,9496.06666666666,0.006669205644954789
747487,9496.70555555555,9496.038888888883,0.00702022468230373
747488,9496.699999999993,9495.999999999995,0.007371253165678487
747489,9496.677777777773,9495.977777777773,0.007371270415062842
747490,9496.65555555555,9495.988888888884,0.007020261645145133
747491,9496.638888888883,9495.972222222217,0.007020273966185149
747492,9496.599999999995,9495.966666666662,0.00666927587459528
747493,9496.588888888884,9495.988888888884,0.006318257658551151
747494,9496.588888888884,9495.988888888884,0.006318257658551151
747495,9496.58333333333,9495.98333333333,0.006318261354884779
747496,9496.57222222222,9496.005555555552,0.005967243344192516
747497,9496.561111111108,9496.027777777776,0.005616225744188681
747498,9496.57222222222,9496.005555555552,0.005967243344192516
747499,9496.577777777773,9496.011111111107,0.005967239853195687
747500,9496.57222222222,9496.005555555552,0.005967243344192516
747501,9496.555555555553,9495.988888888885,0.005967253817150054
747502,9496.555555555553,9495.988888888885,0.005967253817150054
747503,9496.57222222222,9496.005555555552,0.005967243344192516
747504,9496.555555555553,9495.988888888885,0.005967253817150054
747505,9496.53333333333,9495.999999999996,0.005616242172357367
747506,9496.599999999997,9495.999999999996,0.006318250265896865
747507,9496.616666666663,9496.016666666663,0.006318239176947877
747508,9496.622222222219,9496.055555555553,0.005967211925521321
747509,9496.649999999996,9496.116666666663,0.0056161731746947365
747510,9496.661111111107,9496.161111111107,0.005265146950251384
747511,9496.677777777773,9496.177777777773,0.005265137709676799
747512,9496.683333333329,9496.216666666664,0.004914117029683018
747513,9496.716666666664,9496.249999999996,0.004914099780801158
747514,9496.744444444439,9496.311111111107,0.004563071297980095
747515,9497.349999999997,9496.249999999996,0.011582848959653403
747516,9497.73333333333,9496.63333333333,0.011582381442922878
747517,9498.09444444444,9497.027777777774,0.011230953443593148
747518,9498.477777777773,9497.411111111107,0.011230500166692529
747519,9498.85555555555,9497.822222222218,0.010879095233605923
747520,9499.244444444439,9498.177777777773,0.011229593722646902
747521,9499.622222222219,9498.555555555553,0.011229147122871751
747522,9500.005555555552,9498.938888888886,0.011228693991761265
747523,9500.394444444442,9499.294444444442,0.011579136968328461
747524,9500.777777777776,9499.677777777775,0.011578669751196933
747525,9501.155555555551,9500.088888888886,0.011227334817826286
747526,9501.522222222218,9500.455555555553,0.011226901527199242
747527,9501.888888888885,9500.82222222222,0.011226468270014422
747528,9502.244444444443,9501.211111111108,0.010875215092473835
747529,9502.62222222222,9501.588888888888,0.010874782723590078
747530,9503.01111111111,9501.977777777774,0.010874337673923054
747531,9503.411111111109,9502.377777777776,0.010873879946514117
747532,9503.794444444442,9502.76111111111,0.010873441327256253
747533,9504.161111111109,9503.127777777776,0.01087302181151048
747534,9504.57222222222,9503.505555555552,0.011223298632695505
747535,9504.972222222219,9503.905555555551,0.011222826293454278
747536,9505.305555555553,9504.305555555553,0.010520993766311196
747537,9505.67222222222,9504.67222222222,0.010520587913831713
747538,9506.022222222218,9505.022222222218,0.01052020053840049
747539,9506.38333333333,9505.349999999997,0.010870479984285305
747540,9506.749999999996,9505.716666666664,0.010870060697011245
747541,9507.116666666663,9506.08333333333,0.01086964144208075
747542,9507.466666666664,9506.433333333329,0.010869241274379982
747543,9507.816666666662,9506.78333333333,0.010868841136104349
747544,9508.177777777773,9507.111111111106,0.011219042454735421
747545,9507.95555555555,9507.555555555551,0.004207091754330065
747546,9507.933333333327,9507.56666666666,0.003856503028232633
747547,9507.933333333327,9507.56666666666,0.003856503028232633
747548,9507.933333333327,9507.56666666666,0.003856503028232633
747549,9507.933333333327,9507.56666666666,0.003856503028232633
747550,9509.355555555549,9506.855555555549,0.026293355552192622
747551,9509.338888888882,9506.838888888882,0.026293401641643156
747552,9509.338888888882,9506.838888888882,0.026293401641643156
747553,9510.533333333326,9506.466666666658,0.04276875076686668
747554,9513.444444444438,9505.577777777771,0.08272419659382085
747555,9517.244444444437,9505.677777777772,0.1216076744839312
747556,9519.827777777771,9508.261111111105,0.12157465454578416
747557,9522.394444444439,9510.827777777771,0.12154186539326875
747558,9524.983333333328,9513.383333333328,0.12185919310305371
747559,9527.549999999994,9515.949999999993,0.1218263449470987
747560,9530.111111111106,9518.511111111107,0.12179358553781312
747561,9532.661111111107,9521.061111111107,0.12176098575081956
747562,9535.23333333333,9523.599999999997,0.12207812650302013
747563,9537.82222222222,9526.155555555551,0.1223948831944959
747564,9540.361111111108,9528.727777777774,0.12201247160908339
747565,9542.911111111109,9531.277777777776,0.12197984827664021
747566,9545.477777777774,9533.844444444441,0.1219470293319282
747567,9548.044444444442,9536.411111111109,0.1219142280424836
747568,9550.622222222219,9538.955555555553,0.12223074603826237
747569,9553.161111111109,9541.527777777776,0.12184889108198665
747570,9555.722222222219,9544.055555555553,0.12216547022070598
747571,9558.277777777776,9546.577777777775,0.12248195194125354
747572,9560.855555555552,9549.122222222219,0.12279797988020479
747573,9563.427777777775,9551.661111111109,0.12311391001175087
747574,9565.97222222222,9554.205555555554,0.12308114289964509
747575,9568.52222222222,9556.755555555554,0.12304832173824386
747576,9571.094444444443,9559.294444444444,0.12336393231245628
747577,9573.666666666666,9561.833333333334,0.12367937428687122
747578,9576.216666666667,9564.383333333333,0.12364642000077261
747579,9578.777777777777,9566.91111111111,0.12396176220698493
747580,9580.283333333333,9569.383333333333,0.11384010165537749
747581,9582.827777777777,9571.96111111111,0.11346161766335322
747582,9585.388888888887,9574.488888888887,0.11377943143919005
747583,9586.81111111111,9576.877777777778,0.10366828005741457
747584,9586.294444444444,9579.627777777778,0.06956791944961868
747585,9585.355555555554,9580.788888888888,0.04765347229749596
747586,9584.938888888888,9580.37222222222,0.04765554433415887
747587,9584.538888888888,9579.97222222222,0.047657533658866734
747588,9584.099999999999,9579.566666666664,0.04731175314398429
747589,9583.661111111109,9579.161111111109,0.04696594215419442
747590,9583.294444444442,9578.527777777776,0.04975170535856927
747591,9582.794444444442,9577.961111111108,0.050450341786574725
747592,9582.26111111111,9577.427777777775,0.050453150480297144
747593,9582.522222222218,9574.688888888886,0.08177947497575803
747594,9581.48333333333,9572.88333333333,0.0897967565272361
747595,9579.961111111106,9571.327777777773,0.09015929302118214
747596,9578.39444444444,9569.761111111107,0.09017404635433288
747597,9577.272222222216,9568.038888888883,0.09645529685829919
747598,9575.816666666662,9566.58333333333,0.09646996545189486
747599,9574.683333333329,9563.449999999995,0.11739215249136364
747600,9573.016666666663,9560.816666666662,0.12752279992683885
747601,9571.027777777774,9558.861111111106,0.12720059941105655
747602,9569.03333333333,9556.899999999996,0.12687833970629633
747603,9567.04444444444,9554.94444444444,0.12655587313965289
747604,9565.072222222218,9552.938888888884,0.1269309162215258
747605,9563.04444444444,9550.94444444444,0.1266088420406501
747606,9561.04444444444,9548.94444444444,0.1266353431218965
747607,9559.038888888883,9546.972222222217,0.12631277765402668
747608,9557.09444444444,9544.59444444444,0.13087847962251165
747609,9554.855555555552,9542.355555555552,0.13090916707442452
747610,9552.244444444443,9540.911111111109,0.11871618916377888
747611,9550.01111111111,9538.677777777775,0.11874396821387594
747612,9547.783333333331,9536.483333333332,0.11842215577228651
747613,9545.494444444443,9534.827777777775,0.11180803492138898
747614,9543.42222222222,9533.32222222222,0.10588808828900262
747615,9540.894444444442,9532.394444444442,0.0891298826281781
747616,9539.083333333332,9530.549999999997,0.0894965643457714
747617,9537.249999999998,9528.716666666665,0.08951377585540221
747618,9535.449999999999,9526.916666666664,0.08953068087035017
747619,9533.861111111108,9523.961111111108,0.10389434726131323
747620,9531.355555555552,9521.655555555551,0.10182117612206713
747621,9528.999999999996,9519.266666666663,0.10219652531814177
747622,9527.749999999996,9516.683333333329,0.11621943770096443
747623,9525.638888888885,9517.138888888885,0.08927269014207781
747624,9524.699999999999,9516.93333333333,0.08157563514336037
747625,9524.22222222222,9516.488888888887,0.081229459217212
747626,9523.788888888888,9516.055555555555,0.08123315666678205
747627,9522.894444444444,9515.761111111111,0.07493526328598006
747628,9522.355555555554,9515.255555555554,0.07458919040379515
747629,9521.511111111111,9516.377777777778,0.05392754798909649
747630,9521.183333333332,9517.05,0.04342139589282492
747631,9521.166666666666,9517.033333333333,0.04342147191786211
747632,9521.166666666666,9517.033333333333,0.04342147191786211
747633,9521.166666666666,9517.033333333333,0.04342147191786211
747634,9521.16111111111,9517.06111111111,0.043071248482588566
747635,9521.205555555554,9517.072222222221,0.04342129452652278
747636,9521.227777777774,9517.094444444441,0.04342119316069392
747637,9521.244444444443,9517.111111111108,0.04342111713665196
747638,9521.194444444442,9517.527777777776,0.03851799111167539
747639,9521.438888888886,9517.805555555553,0.038166780661229464
747640,9521.683333333329,9518.08333333333,0.03781558947674652
747641,9521.949999999995,9518.349999999997,0.037814530233226853
747642,9522.199999999995,9518.599999999997,0.03781353724631892
747643,9522.438888888886,9518.805555555553,0.038162771807630363
747644,9522.67222222222,9519.038888888887,0.03816183652962901
747645,9522.888888888885,9519.255555555552,0.03816096809824631
747646,9523.116666666663,9519.516666666663,0.037809896740475656
747647,9523.366666666663,9519.766666666663,0.037808903996895106
747648,9523.611111111106,9519.977777777773,0.03815807361240724
747649,9523.63333333333,9521.366666666663,0.02380327295002809
747650,9524.48333333333,9522.316666666662,0.0227509782920793
747651,9525.361111111108,9523.26111111111,0.022048838761143306
747652,9525.149999999996,9524.38333333333,0.008049191056296298
747653,9524.999999999996,9524.666666666662,0.003499623790448894
747654,9525.055555555551,9524.65555555555,0.004199538750675832
747655,9525.10555555555,9524.70555555555,0.004199516705615312
747656,9525.138888888883,9524.738888888884,0.004199502009049609
747657,9525.172222222218,9524.772222222216,0.004199487312605867
747658,9525.188888888884,9524.788888888883,0.004199479964413022
747659,9525.199999999993,9524.833333333327,0.003849512074345852
747660,9525.216666666662,9524.849999999995,0.00384950533856527
747661,9525.249999999995,9524.883333333328,0.0038494918670748217
747662,9525.66666666666,9524.833333333327,0.008748676762646021
747663,9525.938888888884,9525.072222222218,0.00909837973021099
747664,9526.20555555555,9525.338888888884,0.00909812502806841
747665,9526.472222222217,9525.60555555555,0.009097870340185815
747666,9526.73333333333,9525.866666666663,0.00909762097211707
747667,9527.588888888886,9523.155555555551,0.04654236317391942
747668,9527.361111111108,9521.361111111108,0.06299635146131122
747669,9526.827777777775,9520.294444444442,0.06860178936333415
747670,9526.249999999998,9519.583333333332,0.07000656311528572
747671,9525.638888888887,9518.938888888888,0.07036123434373877
747672,9525.027777777777,9518.294444444444,0.0707159523402513
747673,9524.777777777777,9517.611111111111,0.07527066807093478
747674,9524.366666666667,9517.133333333333,0.07597440677818004
747675,9523.95,9516.616666666667,0.07702851980946583
747676,9523.516666666666,9516.183333333332,0.07703202606484282
747677,9523.08888888889,9515.722222222223,0.07738578447650628
747678,9522.644444444446,9515.311111111112,0.07703908449554042
747679,9522.233333333335,9514.833333333336,0.07774306966058814
747680,9521.800000000001,9514.400000000001,0.0777466090921469
747681,9521.344444444445,9513.97777777778,0.07739996812940704
747682,9521.23888888889,9512.872222222224,0.08791234450431222
747683,9520.811111111112,9512.444444444445,0.0879162962137044
747684,9520.438888888892,9511.805555555558,0.09072322876615113
747685,9520.405555555559,9510.338888888891,0.10579372442370459
747686,9519.833333333336,9509.733333333335,0.10615060423516769
747687,9519.27777777778,9509.144444444446,0.10650734164915747
747688,9518.722222222223,9508.555555555557,0.1068641219769215
747689,9518.155555555557,9507.988888888889,0.10687048756887266
747690,9517.6,9507.4,0.10722733245730068
747691,9517.033333333333,9506.833333333334,0.10723372044938893
747692,9516.16111111111,9505.96111111111,0.1072435544345812
747693,9515.205555555554,9505.038888888888,0.10690363834556929
747694,9514.25,9504.083333333334,0.10691438086056677
747695,9513.3,9503.133333333333,0.10692506305948779
747696,9512.35,9502.183333333332,0.10693574739323478
747697,9510.816666666668,9504.183333333332,0.06976948023492013
747698,9510.361111111111,9505.294444444444,0.053289424094424706
747699,9510.216666666667,9505.65,0.04803006612023134
747700,9510.116666666667,9505.65,0.046978559896792504
747701,9510.044444444444,9505.611111111111,0.04662824608260487
747702,9509.97222222222,9505.572222222221,0.046277928174548115
747703,9509.561111111108,9505.594444444441,0.041721106672811134
747704,9509.316666666662,9505.38333333333,0.04137150029537658
747705,9509.138888888885,9505.238888888885,0.04102158951062382
747706,9508.972222222219,9505.07222222222,0.041022308656053934
747707,9508.805555555553,9504.905555555551,0.041023027826718156
747708,9513.566666666662,9503.099999999997,0.11007887817702369
747709,9515.172222222218,9504.638888888883,0.11076170285604199
747710,9518.89444444444,9505.327777777773,0.14262519127662712
747711,9520.799999999996,9507.199999999995,0.14294723565272618
747712,9522.588888888884,9509.288888888883,0.13976550454239042
747713,9524.45555555555,9511.15555555555,0.1397380932229475
747714,9526.199999999993,9513.266666666661,0.13585814728703002
747715,9527.72777777777,9515.861111111104,0.12462636886254654
747716,9529.81666666666,9517.649999999994,0.12775102200816976
747717,9531.777777777774,9519.611111111106,0.12772472114895206
747718,9533.738888888885,9521.57222222222,0.12769843111689433
747719,9535.688888888886,9523.522222222218,0.12767230076563849
747720,9537.649999999998,9525.483333333332,0.1276460323066799
747721,9539.627777777776,9527.427777777775,0.12796941787318625
747722,9541.499999999998,9529.766666666665,0.12304723685544654
747723,9543.583333333332,9531.849999999999,0.12302035952001346
747724,9545.688888888886,9533.955555555553,0.12299320742059276
747725,9548.038888888887,9536.005555555552,0.12610883786573548
747726,9550.288888888887,9538.255555555552,0.12607910852874768
747727,9554.161111111107,9539.927777777773,0.14908627917424386
747728,9556.88333333333,9542.616666666663,0.14939309056955868
747729,9559.599999999997,9545.33333333333,0.14935060403246384
747730,9562.299999999996,9548.03333333333,0.14930840208612894
747731,9564.98333333333,9550.716666666664,0.14926648426860045
747732,9567.699999999995,9553.33333333333,0.15027081869701925
747733,9570.344444444441,9555.977777777774,0.15022926519531968
747734,9572.983333333332,9558.649999999998,0.1498390972020226
747735,9575.577777777775,9561.311111111108,0.1491012123182659
747736,9578.161111111109,9563.894444444442,0.14906096814169828
747737,9580.749999999996,9566.48333333333,0.14902065920750704
747738,9578.388888888885,9570.688888888886,0.08042162749931119
747739,9579.26111111111,9571.394444444442,0.08215558620273646
747740,9577.933333333329,9573.066666666662,0.05082415191548003
747741,9578.627777777774,9573.39444444444,0.05465045176546742
747742,9579.08333333333,9574.183333333329,0.05116620663491475
747743,9579.544444444442,9574.644444444442,0.05116374312088013
747744,9580.016666666665,9575.083333333332,0.05150934563988166
747745,9580.388888888887,9575.822222222221,0.04767818270719421
747746,9580.738888888887,9576.505555555554,0.04419563936358533
747747,9581.199999999999,9576.999999999998,0.04384545520978723
747748,9581.688888888886,9577.488888888885,0.043843217581833786
747749,9582.194444444442,9577.961111111108,0.0441889244694165
747750,9582.677777777775,9578.444444444442,0.04418669516573454
747751,9583.133333333331,9578.93333333333,0.04383660774238751
747752,9583.711111111108,9579.377777777776,0.04522583345991437
747753,9584.26111111111,9579.927777777775,0.04522323755477429
747754,9584.877777777776,9580.444444444442,0.046264114758204765
747755,9585.205555555554,9581.072222222221,0.043131309910634616
747756,9585.644444444442,9581.51111111111,0.04312933467204189
747757,9584.461111111108,9582.527777777776,0.02017357389353149
747758,9584.405555555551,9582.505555555552,0.019825834105300373
747759,9584.388888888885,9582.455555555553,0.020173725924852136
747760,9584.349999999997,9582.449999999995,0.019825949036891458
747761,9584.355555555552,9582.42222222222,0.02017379609392684
747762,9584.344444444441,9582.444444444442,0.019825960530102972
747763,9584.361111111108,9582.461111111108,0.019825926050451453
747764,9584.383333333331,9582.449999999999,0.02017373761966402
747765,9584.394444444442,9582.427777777775,0.020521572578546456
747766,9584.411111111109,9582.444444444442,0.02052153688920674
747767,9584.422222222222,9582.455555555554,0.020521513096382553
747768,9584.438888888888,9582.47222222222,0.020521477407249723
747769,9584.377777777778,9582.677777777777,0.017738770517707236
747770,9584.444444444443,9582.744444444445,0.01773864712090764
747771,9584.3,9582.966666666667,0.013912607953129683
747772,9584.15,9583.216666666667,0.0097387747577826
747773,9584.25,9583.316666666668,0.009738673140556717
747774,9584.344444444443,9583.444444444443,0.009390754512340699
747775,9584.45,9583.516666666666,0.009738469912485623
747776,9584.56111111111,9583.594444444443,0.010086173016130186
747777,9584.683333333332,9583.683333333332,0.010433857170929187
747778,9584.77777777778,9583.77777777778,0.010433754354643308
747779,9584.87777777778,9583.87777777778,0.010433645492549217
747780,9584.972222222223,9584.005555555555,0.01008574038609184
747781,9585.08888888889,9584.122222222222,0.010085617619463114
747782,9585.094444444445,9584.261111111113,0.008694432433234393
747783,9585.155555555557,9584.28888888889,0.009042167801769125
747784,9585.094444444445,9584.361111111113,0.007651060628263147
747785,9585.094444444445,9584.361111111113,0.007651060628263147
747786,9585.083333333336,9584.383333333335,0.007303280912013488
747787,9585.072222222225,9584.405555555559,0.006955501598889603
747788,9585.088888888891,9584.422222222225,0.006955489504160011
747789,9585.072222222225,9584.438888888892,0.006607715028956755
747790,9585.094444444449,9584.42777777778,0.006955485472611804
747791,9585.094444444449,9584.42777777778,0.006955485472611804
747792,9585.072222222225,9584.472222222224,0.0062599296685347215
747793,9585.06666666667,9584.500000000002,0.005912148944429439
747794,9585.06666666667,9584.500000000002,0.005912148944429439
747795,9585.07777777778,9584.511111111115,0.005912142090789946
747796,9585.083333333338,9584.483333333337,0.006259922411743235
747797,9585.07777777778,9584.511111111115,0.005912142090789946
747798,9585.11666666667,9584.483333333337,0.006607684389170476
747799,9586.57777777778,9584.17777777778,0.025038136791683534
747800,9586.650000000003,9584.150000000003,0.026081332025789213
747801,9587.122222222224,9584.122222222224,0.03129687286282928
747802,9587.422222222225,9584.422222222225,0.03129589339923243
747803,9587.72777777778,9584.72777777778,0.03129489586043866
747804,9588.02777777778,9585.02777777778,0.03129391652058009
747805,9588.322222222223,9585.355555555556,0.030945202073913096
747806,9588.616666666669,9585.650000000001,0.030944251670646954
747807,9588.911111111112,9585.97777777778,0.030595570595793525
747808,9589.211111111112,9586.27777777778,0.030594613262060658
747809,9589.516666666666,9586.583333333334,0.030593638261507655
747810,9589.822222222223,9586.855555555556,0.030940361005647905
747811,9590.122222222222,9587.155555555557,0.03093939297373106
747812,9590.422222222223,9587.455555555556,0.03093842500242393
747813,9590.722222222223,9587.755555555555,0.03093745709166394
747814,9591.05,9588.05,0.031284053996277206
747815,9591.35,9588.35,0.03128307533485925
747816,9591.655555555557,9588.622222222222,0.03162971223335545
747817,9591.955555555556,9588.922222222223,0.03162872281942331
747818,9592.261111111113,9589.194444444445,0.031975328022271085
747819,9592.561111111112,9589.494444444446,0.0319743278584919
747820,9592.855555555556,9589.822222222223,0.031625754949049095
747821,9593.166666666666,9590.1,0.03197230920002186
747822,9593.455555555556,9590.355555555556,0.03231891704985427
747823,9593.738888888889,9590.638888888889,0.03231796241618269
747824,9594.016666666666,9590.95,0.031969476100200296
747825,9594.294444444444,9591.261111111111,0.03162101117738535
747826,9594.583333333332,9591.549999999997,0.031620058931464405
747827,9594.911111111109,9591.611111111108,0.03439914708647891
747828,9595.649999999996,9591.683333333329,0.04134672179563413
747829,9594.355555555552,9592.155555555551,0.0229327780049254
747830,9594.449999999995,9592.349999999997,0.021890049408953505
747831,9594.144444444442,9592.544444444442,0.016678229466960636
747832,9594.01111111111,9592.411111111109,0.01667846127296419
747833,9593.87222222222,9592.27222222222,0.016678702744403254
747834,9593.744444444445,9592.111111111111,0.017026432087989485
747835,9593.611111111111,9591.977777777776,0.017026668743860735
747836,9593.47222222222,9591.87222222222,0.01667939822121547
747837,9593.338888888888,9591.738888888887,0.016679630059708763
747838,9593.199999999999,9591.633333333331,0.016332345863494767
747839,9593.066666666664,9591.499999999998,0.016332572884096383
747840,9592.93333333333,9591.366666666665,0.01633279991102826
747841,9592.799999999997,9591.233333333332,0.016333026944271682
747842,9592.666666666664,9591.099999999999,0.016333253983826918
747843,9593.699999999999,9590.733333333332,0.030927852964127013
747844,9594.261111111111,9591.294444444444,0.030926043898771488
747845,9594.805555555555,9591.87222222222,0.030576771729931514
747846,9595.377777777776,9592.444444444442,0.03057494799943568
747847,9595.944444444442,9593.01111111111,0.03057314218942189
747848,9596.51111111111,9593.577777777775,0.030571336592742013
747849,9597.08333333333,9594.116666666663,0.03091694804563709
747850,9597.64444444444,9594.611111111106,0.03160997230944659
747851,9598.15555555555,9595.122222222217,0.03160828878165753
747852,9598.81666666666,9595.616666666661,0.03334300048797735
747853,9599.661111111105,9596.12777777777,0.03681362984128119
747854,9600.483333333328,9596.783333333327,0.03854715428238808
747855,9601.25555555555,9597.522222222216,0.038891364612333196
747856,9602.016666666663,9598.28333333333,0.03888828125949675
747857,9602.744444444443,9599.244444444443,0.03645455708002471
747858,9603.066666666664,9600.233333333332,0.029508817060943916
747859,9603.972222222219,9601.138888888885,0.029506034273290054
747860,9604.844444444441,9602.044444444442,0.02915620552810156
747861,9605.749999999996,9602.949999999995,0.02915345650669845
747862,9606.655555555551,9603.82222222222,0.029497791425152933
747863,9607.555555555553,9604.722222222219,0.029495027774490812
747864,9608.449999999995,9605.649999999996,0.029145263114059714
747865,9609.349999999997,9606.549999999996,0.029142533006532016
747866,9610.249999999996,9607.449999999995,0.029139803410409077
747867,9611.249999999996,9607.849999999997,0.035381469475674075
747868,9611.88333333333,9608.28333333333,0.03746065330686031
747869,9612.399999999996,9608.799999999996,0.03745863941897868
747870,9613.15555555555,9609.222222222217,0.040924524310199085
747871,9613.716666666662,9609.516666666661,0.043697123446115343
747872,9614.122222222217,9609.888888888883,0.04404214405480438
747873,9613.35555555555,9610.522222222216,0.02947722999580437
747874,9613.055555555551,9610.222222222217,0.029478150043790046
747875,9612.777777777774,9609.911111111107,0.029825865499220373
747876,9612.472222222219,9609.605555555552,0.029826813727503267
747877,9612.17222222222,9609.305555555553,0.02982774477393182
747878,9611.88333333333,9609.049999999996,0.029481745596820905
747879,9611.599999999997,9608.799999999996,0.029135709974829796
747880,9611.33333333333,9608.566666666662,0.02878960521821908
747881,9611.116666666663,9608.38333333333,0.028443334460663147
747882,9611.211111111106,9608.14444444444,0.03191227362229891
747883,9610.955555555553,9608.188888888886,0.028790737013958678
747884,9610.699999999995,9608.099999999997,0.027056840177311234
747885,9610.516666666663,9607.916666666662,0.02705735639221752
747886,9610.311111111107,9607.744444444439,0.026710992267118767
747887,9610.10555555555,9607.572222222218,0.02636461452446925
747888,9609.89444444444,9607.39444444444,0.026018238206799906
747889,9609.69444444444,9607.19444444444,0.026018779777047977
747890,9609.516666666663,9606.98333333333,0.026366230409625574
747891,9609.311111111108,9606.777777777776,0.026366794491647784
747892,9609.105555555552,9606.605555555552,0.02602037453148871
747893,9608.899999999996,9606.433333333329,0.025673940949940875
747894,9608.711111111106,9606.211111111106,0.02602144282539671
747895,9608.516666666663,9605.98333333333,0.02636897481935881
747896,9608.316666666662,9605.78333333333,0.026369523769865354
747897,9608.016666666663,9606.08333333333,0.020124110245418575
747898,9608.127777777774,9606.361111111106,0.01838890096826723
747899,9608.361111111106,9606.59444444444,0.018388454363670228
747900,9608.377777777774,9606.94444444444,0.01491864998939936
747901,9608.58333333333,9607.416666666662,0.012142658895377599
747902,9608.966666666664,9607.799999999996,0.012142174455306007
747903,9609.349999999997,9608.183333333329,0.012141690053887037
747904,9609.805555555551,9608.538888888883,0.013181849980156913
747905,9610.183333333327,9608.949999999993,0.012834432353872114
747906,9610.599999999995,9609.333333333327,0.013180760252393283
747907,9610.994444444437,9609.694444444438,0.013527090600283096
747908,9611.372222222215,9610.038888888881,0.013873417780062933
747909,9611.733333333328,9610.399999999994,0.01387289652207116
747910,9612.09444444444,9610.761111111107,0.013872375303228842
747911,9612.438888888886,9611.105555555552,0.013871878177172163
747912,9612.349999999999,9611.516666666665,0.008669778539183305
747913,9612.427777777775,9611.627777777776,0.008322905618820695
747914,9612.538888888887,9611.705555555553,0.008669608168395534
747915,9612.616666666663,9611.816666666662,0.008322742066097398
747916,9612.716666666664,9611.916666666662,0.008322655481953796
747917,9612.816666666662,9612.016666666663,0.008322568899592778
747918,9612.90555555555,9612.10555555555,0.008322491939023248
747919,9612.98333333333,9612.183333333329,0.008322424599711402
747920,9613.088888888884,9612.288888888883,0.008322333212362625
747921,9613.172222222218,9612.372222222217,0.008322261065873386
747922,9613.25555555555,9612.45555555555,0.008322188920616092
747923,9613.34444444444,9612.511111111107,0.00866888166223967
747924,9613.416666666662,9612.616666666663,0.00832204944336869
747925,9613.494444444439,9612.727777777773,0.007975219029563583
747926,9613.577777777773,9612.811111111107,0.0079751498952514
747927,9613.661111111107,9612.89444444444,0.007975080762137807
747928,9613.699999999995,9612.966666666664,0.00762829403604463
747929,9613.722222222219,9613.022222222218,0.007281523942062822
747930,9613.727777777774,9613.061111111108,0.00693476867633706
747931,9613.749999999998,9613.049999999997,0.007281502902206584
747932,9613.744444444443,9613.077777777775,0.006934756653622677
747933,9613.738888888887,9613.072222222221,0.00693476066117689
747934,9613.677777777777,9613.044444444444,0.006588053085837024
747935,9613.655555555555,9612.988888888887,0.0069348207753486945
747936,9613.766666666665,9612.833333333332,0.009708771528325182
747937,9613.705555555554,9612.705555555554,0.010402357405351552
747938,9613.6,9612.6,0.010402471627258636
747939,9613.488888888887,9612.488888888887,0.010402591863554984
747940,9613.366666666665,9612.399999999998,0.010055949220929051
747941,9613.249999999998,9612.283333333331,0.01005607126634183
747942,9613.127777777776,9612.194444444442,0.009709416805045584
747943,9613.01111111111,9612.077777777775,0.009709534647444177
747944,9612.883333333331,9611.983333333332,0.009362873778054497
747945,9612.777777777776,9611.844444444441,0.009709770340823034
747946,9613.333333333332,9610.799999999997,0.02635576116133195
747947,9613.316666666664,9610.583333333332,0.02843682430029034
747948,9613.18333333333,9610.449999999999,0.028437218770628766
747949,9613.055555555553,9610.32222222222,0.028437596814991684
747950,9612.905555555551,9610.17222222222,0.028438040618984955
747951,9612.749999999996,9610.049999999996,0.028091641176110963
747952,9612.94444444444,9609.84444444444,0.03225338443780361
747953,9613.011111111107,9609.911111111107,0.032253160723052614
747954,9613.061111111107,9609.961111111106,0.03225299293902599
747955,9613.111111111106,9610.011111111107,0.032252825156726096
747956,9613.161111111107,9610.061111111107,0.032252657376209665
747957,9613.211111111106,9610.111111111106,0.0322524895974199
747958,9613.261111111107,9610.161111111107,0.03225232182037571
747959,9613.311111111107,9610.211111111106,0.03225215404507705
747960,9613.377777777774,9610.277777777774,0.032251930347394084
747961,9613.438888888884,9610.372222222217,0.031904877226920154
747962,9613.488888888884,9610.422222222218,0.031904711262353
747963,9613.561111111105,9610.494444444437,0.03190447153885052
747964,9613.616666666661,9610.616666666661,0.03121060744511703
747965,9613.711111111106,9610.711111111106,0.031210300786384
747966,9613.627777777774,9610.961111111106,0.027742249075704464
747967,9613.766666666663,9611.166666666662,0.027048208229594535
747968,9613.95555555555,9611.35555555555,0.027047676731719743
747969,9614.188888888884,9611.555555555551,0.02739382436859711
747970,9614.399999999994,9611.733333333328,0.0277400205276089
747971,9614.605555555549,9611.938888888883,0.027739427377305982
747972,9614.788888888881,9612.122222222215,0.027738898372760588
747973,9614.999999999993,9612.299999999992,0.02808506654601249
747974,9615.199999999992,9612.499999999993,0.028084482283361096
747975,9615.799999999992,9612.633333333326,0.03293733412151168
747976,9615.544444444437,9613.977777777769,0.016294389934005008
747977,9615.883333333326,9614.483333333326,0.014560304795709954
747978,9616.355555555549,9614.922222222214,0.014906272478582333
747979,9616.81666666666,9615.383333333328,0.014905557693165476
747980,9617.277777777774,9615.84444444444,0.014904842976333925
747981,9617.766666666663,9616.299999999996,0.015250718343499753
747982,9617.905555555551,9616.838888888886,0.011091040691978431
747983,9618.177777777773,9617.111111111106,0.01109072676609154
747984,9618.466666666664,9617.366666666663,0.01143698825976205
747985,9618.755555555552,9617.622222222219,0.01178323015305366
747986,9619.044444444442,9617.877777777776,0.012129452447630565
747987,9619.349999999999,9618.149999999998,0.012475633528272675
747988,9619.655555555555,9618.422222222222,0.012821793815161927
747989,9619.96111111111,9618.694444444443,0.013167933310190673
747990,9620.244444444445,9618.977777777776,0.0131675454655873
747991,9620.527777777777,9619.261111111111,0.013167157643792369
747992,9620.827777777777,9619.56111111111,0.013166747033870092
747993,9621.1,9619.866666666667,0.012819868717617195
747994,9621.383333333333,9620.15,0.012819491170144887
747995,9621.666666666666,9620.433333333332,0.01281911364490961
747996,9621.955555555556,9620.68888888889,0.013165203673782207
747997,9622.227777777776,9620.96111111111,0.0131648311927947
747998,9622.483333333334,9621.25,0.012818025608339088
747999,9622.844444444445,9621.511111111113,0.013856876937063316
748000,9623.183333333336,9621.883333333335,0.013509955798207242
748001,9623.544444444447,9622.244444444448,0.013509448820253836
748002,9623.938888888892,9622.605555555558,0.013855301009307243
748003,9624.277777777781,9622.977777777782,0.013508419382149662
748004,9624.627777777781,9623.32777777778,0.013507928114743288
748005,9624.694444444447,9623.761111111115,0.009697747755799579
748006,9624.911111111114,9623.977777777782,0.009697529438919833
748007,9625.172222222225,9624.172222222225,0.01038996421811767
748008,9625.355555555558,9624.422222222225,0.009697081640183272
748009,9625.550000000001,9624.650000000001,0.009350552202051261
748010,9625.744444444446,9624.87777777778,0.009004037964719283
748011,9625.93888888889,9625.105555555556,0.00865753892718716
748012,9626.155555555557,9625.322222222223,0.008657344053824966
748013,9626.366666666669,9625.533333333335,0.008657154185653774
748014,9626.561111111112,9625.761111111113,0.008310685752764545
748015,9626.783333333333,9625.983333333334,0.008310493903033216
748016,9627.033333333333,9626.2,0.00865655465660785
748017,9627.25,9626.416666666666,0.008656359827571609
748018,9628.638888888887,9626.405555555555,0.023197384350635755
748019,9629.572222222221,9627.338888888888,0.023195135714626187
748020,9630.533333333331,9628.266666666665,0.02353902285361938
748021,9631.51111111111,9629.211111111108,0.02388280121030402
748022,9632.461111111108,9630.161111111109,0.023880445491433564
748023,9633.43333333333,9631.099999999999,0.024224135544407558
748024,9634.405555555551,9632.07222222222,0.024221690754741072
748025,9635.366666666663,9633.066666666662,0.023873243456926187
748026,9636.33333333333,9634.03333333333,0.02387084833190608
748027,9637.316666666662,9635.016666666663,0.02386841240464853
748028,9638.316666666662,9635.916666666662,0.0249037142852164
748029,9639.14444444444,9636.911111111107,0.023172098948323557
748030,9640.04444444444,9637.811111111107,0.023169935337439208
748031,9643.538888888883,9637.738888888884,0.06016198788115528
748032,9645.116666666663,9639.316666666662,0.060152143438674296
748033,9646.972222222219,9639.638888888885,0.07604584642772387
748034,9647.811111111108,9640.444444444442,0.07638499651198352
748035,9648.51111111111,9641.244444444443,0.07534223692714018
748036,9649.244444444443,9641.977777777774,0.07533650883247327
748037,9649.911111111109,9642.744444444443,0.0742942478398453
748038,9650.638888888885,9643.438888888886,0.07463430056544719
748039,9651.338888888886,9644.138888888885,0.07462888540954221
748040,9652.038888888887,9644.838888888886,0.07462347103936395
748041,9652.76111111111,9645.527777777776,0.07496346826374037
748042,9653.466666666665,9646.199999999999,0.07530354582980457
748043,9654.161111111109,9646.927777777775,0.07495259334821892
748044,9654.894444444442,9647.561111111108,0.0759834241009123
748045,9655.544444444442,9648.211111111108,0.07597830704215928
748046,9656.138888888885,9648.872222222219,0.07528269861998738
748047,9656.816666666662,9649.28333333333,0.07804096460013003
748048,9656.199999999995,9649.73333333333,0.06699149484267705
748049,9655.79444444444,9649.361111111106,0.06664886294047964
748050,9655.388888888885,9648.955555555553,0.06665166332735968
748051,9654.944444444442,9648.544444444442,0.06630925670315986
748052,9654.544444444442,9648.144444444442,0.0663120048905066
748053,9654.13333333333,9647.699999999995,0.0666603345105488
748054,9653.705555555553,9647.105555555552,0.06839090815412283
748055,9653.177777777775,9646.544444444442,0.06874019487902697
748056,9652.644444444442,9646.01111111111,0.0687439942563632
748057,9652.088888888888,9645.455555555554,0.06874795238772338
748058,9651.511111111111,9644.944444444443,0.06806085861480335
748059,9650.955555555554,9644.322222222221,0.06875602838921316
748060,9650.361111111111,9643.594444444443,0.07014286569888807
748061,9647.088888888888,9643.888888888887,0.03317613069553131
748062,9645.727777777774,9642.527777777776,0.03318081296446967
748063,9644.111111111108,9642.411111111109,0.017628891102410817
748064,9643.51111111111,9641.811111111108,0.017629988033509136
748065,9643.127777777776,9641.194444444442,0.020050830006422875
748066,9642.627777777776,9640.694444444442,0.02005186980805951
748067,9642.144444444442,9640.211111111108,0.020052875052159067
748068,9641.655555555555,9639.72222222222,0.020053891953328292
748069,9641.194444444443,9639.227777777776,0.02040065973659448
748070,9640.738888888887,9638.738888888887,0.020747449936691465
748071,9640.26111111111,9638.26111111111,0.020748478300837953
748072,9639.788888888887,9637.722222222219,0.021441218783438673
748073,9639.238888888885,9637.17222222222,0.021442442317226265
748074,9638.688888888886,9636.722222222219,0.020405963383405997
748075,9638.194444444442,9636.161111111109,0.021098846365805158
748076,9637.68333333333,9635.616666666665,0.021445903572981245
748077,9637.083333333332,9635.316666666664,0.01833364465939108
748078,9636.633333333331,9635.166666666664,0.015220858110473873
748079,9636.366666666665,9634.899999999998,0.015221279348534282
748080,9636.099999999999,9634.633333333331,0.015221700609910904
748081,9635.799999999997,9634.333333333332,0.015222174556813305
748082,9635.505555555554,9634.005555555554,0.015568635772342725
748083,9635.194444444443,9633.694444444443,0.015569138507669243
748084,9634.855555555554,9633.488888888887,0.014185615900808052
748085,9634.583333333332,9633.249999999998,0.013839992388010484
748086,9634.311111111108,9633.01111111111,0.013494350538238267
748087,9634.038888888887,9632.772222222218,0.013148690350088716
748088,9633.78333333333,9632.549999999996,0.0128029896711041
748089,9633.538888888887,9632.372222222219,0.012111201592693275
748090,9633.299999999996,9632.266666666663,0.01072725605440638
748091,9633.144444444442,9632.111111111108,0.010727429286933942
748092,9632.988888888887,9631.955555555554,0.010727602525018828
748093,9632.816666666664,9631.816666666664,0.010381718485860968
748094,9632.666666666664,9631.666666666664,0.010381880158496707
748095,9632.31111111111,9631.544444444444,0.007959638863107268
748096,9632.088888888888,9631.288888888888,0.008305916119468435
748097,9631.93333333333,9630.999999999998,0.009690459050879941
748098,9631.68333333333,9630.749999999998,0.009690710588649941
748099,9631.438888888886,9630.505555555552,0.009690956549337333
748100,9631.18333333333,9630.249999999998,0.009691213703367365
748101,9630.922222222222,9630.02222222222,0.009345336129257649
748102,9630.638888888887,9629.838888888888,0.00830716671963653
748103,9630.466666666665,9629.633333333331,0.008653468396674366
748104,9630.266666666665,9629.43333333333,0.008653648118443586
748105,9630.077777777775,9629.311111111108,0.007961484874618521
748106,9629.933333333329,9629.166666666662,0.00796160429787918
748107,9629.811111111107,9629.011111111107,0.008307880832672882
748108,9629.661111111107,9628.89444444444,0.007961829374532324
748109,9629.572222222218,9628.772222222216,0.008308086941833381
748110,9629.45555555555,9628.65555555555,0.008308187603503086
748111,9629.483333333328,9628.549999999994,0.009692924684254405
748112,9629.433333333327,9628.366666666661,0.01107776243045101
748113,9629.41666666666,9628.31666666666,0.011423982053966521
748114,9630.077777777773,9628.14444444444,0.02007800420021736
748115,9630.38333333333,9628.416666666662,0.020423563946529926
748116,9630.666666666662,9628.699999999995,0.020422963025788173
748117,9630.949999999995,9628.98333333333,0.020422362140388166
748118,9631.261111111107,9629.261111111107,0.020767868876291007
748119,9631.949999999995,9629.48333333333,0.02561249335890891
748120,9632.749999999996,9629.416666666662,0.03461015981241924
748121,9633.54444444444,9629.211111111106,0.044991832251997495
748122,9634.516666666661,9629.049999999994,0.056756536951452274
748123,9635.016666666661,9629.049999999994,0.061946075768015293
748124,9635.266666666661,9629.266666666661,0.06229063425708041
748125,9636.038888888881,9629.405555555548,0.06886249992790656
748126,9636.766666666661,9629.06666666666,0.0799342532116517
748127,9636.727777777773,9629.09444444444,0.0792422274563348
748128,9636.79444444444,9629.061111111107,0.08028019634044826
748129,9636.827777777773,9629.09444444444,0.08027991854356797
748130,9636.866666666661,9629.133333333328,0.0802795944496375
748131,9636.911111111105,9629.144444444439,0.08062539469244741
748132,9636.966666666662,9629.16666666666,0.08097109954601958
748133,9637.049999999994,9628.883333333328,0.08477831336140197
748134,9636.927777777772,9628.694444444438,0.08547176144497133
748135,9636.944444444438,9628.511111111105,0.08754875594831787
748136,9636.949999999993,9628.283333333327,0.0899720913493502
748137,9636.79444444444,9628.127777777774,0.08997354431744349
748138,9636.64444444444,9627.977777777773,0.0899749454382829
748139,9636.488888888885,9627.82222222222,0.08997639849854143
748140,9636.34444444444,9627.677777777773,0.0899777478108236
748141,9636.111111111106,9627.54444444444,0.08894123591402267
748142,9635.922222222218,9627.522222222216,0.08721181743199628
748143,9635.711111111106,9627.377777777774,0.08652125711924488
748144,9634.888888888883,9627.388888888883,0.07787241038183443
748145,9634.438888888884,9626.938888888884,0.0778760490192233
748146,9634.10555555555,9626.438888888884,0.07961007217402367
748147,9634.00555555555,9625.338888888884,0.08999960192483138
748148,9633.599999999997,9624.63333333333,0.09312034506454024
748149,9632.766666666663,9624.066666666662,0.09035753542033458
748150,9631.94444444444,9623.44444444444,0.08828697305516209
748151,9630.899999999996,9622.83333333333,0.08379327299293331
748152,9629.73333333333,9621.499999999996,0.08553564533527977
748153,9628.994444444439,9619.961111111106,0.09385790628755115
748154,9628.19444444444,9618.027777777774,0.10564843894327845
748155,9626.149999999996,9616.549999999996,0.09977809766821046
748156,9625.23333333333,9615.33333333333,0.1029075720223033
748157,9624.538888888883,9614.672222222218,0.10256830812534444
748158,9623.81666666666,9614.083333333327,0.10118914573143205
748159,9623.44444444444,9612.411111111107,0.11471632547319986
748160,9623.027777777774,9610.59444444444,0.12928748614984267
748161,9622.244444444439,9609.111111111106,0.13658250241792508
748162,9621.244444444439,9608.111111111106,0.13659670804244778
748163,9620.19444444444,9607.39444444444,0.13314201873117912
748164,9619.73333333333,9606.399999999996,0.13870010263808233
748165,9619.205555555553,9605.438888888886,0.1432189469766213
748166,9618.711111111108,9603.777777777776,0.1553735670718931
748167,9618.044444444442,9602.377777777776,0.16302104590140185
748168,9616.894444444442,9601.194444444442,0.16338773424112768
748169,9615.73333333333,9600.03333333333,0.16340747962177657
748170,9614.538888888887,9598.872222222219,0.16308053344684698
748171,9613.366666666665,9597.699999999999,0.16310043516583564
748172,9612.205555555554,9596.505555555554,0.16346750085610068
748173,9611.044444444442,9595.344444444441,0.1634872655221863
748174,9609.849999999999,9594.18333333333,0.16316016947829934
748175,9608.68333333333,9593.016666666665,0.16317999621560658
748176,9607.427777777775,9591.894444444442,0.1618112676431236
748177,9605.93333333333,9591.366666666665,0.15175745200278892
748178,9605.638888888885,9589.938888888886,0.16357934292735274
748179,9605.499999999996,9588.53333333333,0.17679105138576562
748180,9604.544444444442,9588.044444444442,0.17194136857224407
748181,9604.01111111111,9587.611111111108,0.1709079077329033
748182,9603.105555555554,9588.005555555554,0.15736452061139797
748183,9602.27222222222,9588.438888888888,0.14416696966818332
748184,9601.716666666665,9589.083333333332,0.13166030945383428
748185,9603.449999999999,9583.583333333332,0.20708429825003474
748186,9599.955555555553,9581.355555555552,0.19393877605401014
748187,9597.294444444442,9576.927777777775,0.21243799545686473
748188,9594.611111111108,9572.51111111111,0.23060321464821645
748189,9590.794444444442,9569.394444444442,0.2233798437384888
748190,9587.93333333333,9566.233333333332,0.22658255383944917
748191,9584.749999999998,9563.649999999998,0.22038394852834042
748192,9582.51111111111,9559.577777777775,0.2396116063032814
748193,9579.877777777776,9556.377777777776,0.24560708788379015
748194,9576.772222222218,9553.405555555551,0.24429116067923068
748195,9574.316666666662,9550.38333333333,0.2502871504738113
748196,9572.08333333333,9548.816666666662,0.2433637189323542
748197,9570.29444444444,9546.061111111107,0.2535350764208918
748198,9568.016666666663,9543.849999999997,0.25289697849154175
748199,9565.999999999996,9541.13333333333,0.2602867340993081
748200,9564.59444444444,9538.461111111106,0.2736036992336875
748201,9562.349999999995,9536.216666666662,0.27366800649961404
748202,9560.094444444438,9533.994444444437,0.2733830365185775
748203,9557.844444444438,9531.744444444437,0.27344748126233254
748204,9555.594444444438,9529.494444444437,0.27351195639644615
748205,9553.344444444438,9527.244444444437,0.27357646194242013
748206,9551.144444444439,9524.97777777777,0.2743394738390356
748207,9549.011111111105,9522.711111111104,0.2758009968219499
748208,9545.899999999994,9520.933333333327,0.2618858226763805
748209,9542.611111111104,9519.077777777771,0.2469176101919333
748210,9540.355555555549,9516.05555555555,0.25503228134945966
748211,9537.549999999992,9513.749999999993,0.24985171615584545
748212,9535.083333333325,9511.283333333326,0.24991643200539693
748213,9532.605555555549,9508.838888888882,0.24963092202388704
748214,9530.149999999992,9506.349999999993,0.25004596433167114
748215,9526.127777777769,9509.627777777769,0.17335797312426104
748216,9526.233333333326,9509.86666666666,0.17195398917495497
748217,9526.549999999992,9511.083333333325,0.16248518285711808
748218,9526.405555555548,9512.605555555549,0.14496551233110677
748219,9527.05555555555,9513.855555555549,0.13864882749542404
748220,9526.772222222215,9515.30555555555,0.12043503655937181
748221,9527.205555555549,9515.838888888882,0.11937867077743307
748222,9529.905555555548,9516.80555555555,0.1375565568625286
748223,9531.97777777777,9519.211111111104,0.13402488150345576
748224,9534.138888888883,9520.70555555555,0.14099651532184573
748225,9535.94444444444,9522.311111111107,0.14307010726759878
748226,9537.10555555555,9523.138888888883,0.1465528598793818
748227,9537.983333333328,9525.716666666662,0.12869135232579648
748228,9539.822222222218,9527.522222222216,0.12901639277392807
748229,9541.422222222218,9529.788888888883,0.121998894202973
748230,9542.422222222218,9532.022222222216,0.10904642628300013
748231,9544.249999999996,9533.816666666662,0.10937516380067486
748232,9546.08333333333,9535.58333333333,0.1100532797624247
748233,9548.01111111111,9537.211111111108,0.11317657058691118
748234,9549.977777777774,9538.177777777775,0.12363688011296531
748235,9552.888888888885,9539.155555555551,0.143864460124173
748236,9555.811111111108,9540.477777777774,0.1605896666368049
748237,9558.122222222219,9542.855555555552,0.15985220070176498
748238,9560.522222222218,9544.988888888885,0.1626057868119445
748239,9562.927777777775,9547.427777777775,0.16221571550503164
748240,9565.01111111111,9550.477777777774,0.15205819132130433
748241,9567.51111111111,9552.677777777775,0.15515885768214227
748242,9569.899999999996,9555.066666666662,0.1551200960698906
748243,9572.288888888887,9557.42222222222,0.15543012207886178
748244,9574.972222222219,9558.905555555551,0.16793947210562263
748245,9577.283333333331,9559.883333333331,0.1818451007202352
748246,9578.994444444443,9561.561111111108,0.18216120512002876
748247,9580.166666666664,9563.566666666664,0.1734248979648731
748248,9581.833333333332,9565.233333333332,0.17339470623873146
748249,9583.627777777776,9566.194444444442,0.18207305666894355
748250,9586.122222222219,9566.888888888885,0.2008387425011817
748251,9587.505555555552,9568.238888888885,0.20115810922977895
748252,9585.877777777776,9570.177777777775,0.16391683511742047
748253,9585.272222222218,9569.838888888886,0.16114062971297755
748254,9584.766666666663,9570.166666666662,0.1524411465801712
748255,9583.777777777774,9570.577777777773,0.1378276597373926
748256,9583.249999999996,9570.88333333333,0.12912791668987159
748257,9582.794444444442,9570.427777777775,0.1291340592531586
748258,9582.344444444441,9569.977777777774,0.129140127480916
748259,9581.866666666665,9569.566666666664,0.12844991584617088
748260,9581.405555555555,9569.138888888887,0.12810775904835223
748261,9580.944444444442,9568.711111111108,0.12776557048603973
748262,9580.488888888885,9568.288888888887,0.12742327621721167
748263,9580.005555555552,9567.872222222219,0.12673293065840072
748264,9579.649999999996,9567.08333333333,0.13126695241310826
748265,9578.838888888886,9565.805555555553,0.1361564417783165
748266,9578.361111111108,9563.194444444442,0.1584684862486441
748267,9579.638888888885,9559.238888888885,0.21317864335479644
748268,9578.57222222222,9558.57222222222,0.20901759986251292
748269,9579.305555555553,9555.905555555551,0.24457530010122486
748270,9580.327777777775,9552.727777777774,0.28850593069005454
748271,9582.799999999997,9549.666666666664,0.3463571520661202
748272,9584.288888888888,9549.288888888888,0.36584898450774733
748273,9584.844444444441,9549.844444444441,0.3658277404272172
748274,9585.716666666665,9551.083333333332,0.3619553251675643
748275,9586.966666666665,9553.133333333331,0.3535335064428498
748276,9588.983333333332,9554.749999999998,0.35764532170667074
748277,9590.816666666664,9556.616666666665,0.3572280357854638
748278,9592.649999999998,9558.483333333332,0.35681091110360125
748279,9594.349999999999,9561.049999999997,0.34768263779405384
748280,9595.377777777778,9563.844444444443,0.32917133031381696
748281,9597.488888888889,9565.988888888889,0.32875034860872504
748282,9599.622222222222,9568.122222222222,0.328677170037395
748283,9601.844444444445,9570.044444444446,0.33173570099740174
748284,9604.244444444446,9571.577777777778,0.34070681599051916
748285,9606.366666666669,9573.666666666668,0.3409795950997727
748286,9608.400000000001,9575.933333333336,0.3384706270741612
748287,9610.53888888889,9578.072222222223,0.3383951707465416
748288,9612.672222222223,9580.205555555556,0.3383199439143853
748289,9614.833333333334,9582.333333333334,0.3385916324457602
748290,9617.05,9584.45,0.33955680545789174
748291,9619.261111111113,9586.62777777778,0.33982632641608634
748292,9621.450000000003,9588.850000000002,0.3394012586997638
748293,9623.62777777778,9591.194444444445,0.3375866084862828
748294,9625.622222222222,9594.622222222222,0.3225765425575579
748295,9627.127777777778,9598.527777777777,0.29751911363808814
748296,9628.22222222222,9603.455555555554,0.25756116499917997
748297,9628.111111111111,9608.677777777777,0.20204342258555363
748298,9630.322222222221,9610.855555555554,0.20234381586713263
748299,9630.77222222222,9614.705555555554,0.16696563059834696
748300,9630.961111111108,9619.061111111108,0.12363622091056373
748301,9629.605555555552,9623.538888888887,0.06302000885280071
748302,9629.32222222222,9625.155555555551,0.04327997585555675
748303,9629.988888888885,9625.82222222222,0.043276979012967
748304,9630.03333333333,9626.699999999995,0.03461992515172813
748305,9630.066666666662,9627.266666666663,0.029079831060021537
748306,9629.949999999995,9627.549999999996,0.024925353758272227
748307,9629.961111111106,9627.59444444444,0.024579097381692727
748308,9630.011111111107,9627.611111111106,0.024925195564715046
748309,9630.066666666662,9627.63333333333,0.0252712767706682
748310,9630.361111111106,9627.661111111107,0.02804026258608555
748311,9630.561111111107,9627.861111111106,0.028039680186107967
748312,9631.461111111106,9627.927777777773,0.036692060726509323
748313,9631.988888888884,9628.722222222217,0.03392051983773281
748314,9632.20555555555,9630.10555555555,0.02180423717472841
748315,9632.805555555551,9630.772222222216,0.02111065095789523
748316,9633.449999999993,9631.449999999993,0.020763149562157097
748317,9634.072222222218,9632.10555555555,0.020415742960034018
748318,9634.72777777777,9632.761111111105,0.020414353712688165
748319,9635.37777777777,9633.411111111105,0.020412976425304947
748320,9635.966666666662,9634.06666666666,0.019719737554525486
748321,9636.527777777772,9634.694444444438,0.019026643065948038
748322,9637.138888888881,9635.272222222215,0.019371386962481318
748323,9637.683333333325,9635.883333333326,0.018678431772696704
748324,9638.255555555548,9636.388888888881,0.019369142419691388
748325,9638.772222222215,9636.905555555548,0.01936810407589196
748326,9639.288888888881,9637.422222222214,0.01936706584341393
748327,9639.80555555555,9637.938888888883,0.019366027722239408
748328,9640.31666666666,9638.449999999993,0.019365000873155326
748329,9640.849999999995,9638.983333333328,0.019363929494550843
748330,9641.66666666666,9639.433333333327,0.023166036515899793
748331,9642.366666666661,9640.06666666666,0.0238559103017886
748332,9643.016666666661,9640.716666666662,0.02385430207151389
748333,9643.672222222218,9641.305555555551,0.024544147200355262
748334,9644.266666666663,9641.899999999996,0.02454263418512532
748335,9644.872222222217,9642.50555555555,0.02454109308102605
748336,9645.461111111106,9643.127777777774,0.024193924675083193
748337,9646.072222222218,9643.70555555555,0.024538039721673083
748338,9646.70555555555,9644.305555555551,0.024882055027352107
748339,9647.311111111105,9644.911111111105,0.024880493002357586
748340,9647.694444444438,9645.527777777772,0.022460391962628855
748341,9648.161111111105,9645.994444444437,0.022459305466146832
748342,9647.922222222214,9646.622222222215,0.013475311674161737
748343,9647.944444444438,9646.711111111104,0.012784196429756532
748344,9648.05555555555,9646.788888888881,0.013129586717481467
748345,9648.161111111105,9646.861111111104,0.01347497800239766
748346,9648.438888888883,9646.505555555548,0.020039791655279585
748347,9648.799999999992,9645.999999999993,0.029023363807857812
748348,9648.833333333325,9646.033333333326,0.02902326352777017
748349,9648.838888888882,9646.072222222216,0.028677682428640175
748350,9649.26666666666,9645.26666666666,0.04146252133592247
748351,9649.294444444437,9645.02777777777,0.0442271733365404
748352,9649.144444444437,9644.877777777769,0.0442278610185702
748353,9649.05555555555,9644.55555555555,0.04664756612004553
748354,9648.927777777772,9644.261111111105,0.04837631242343391
748355,9648.788888888883,9644.088888888884,0.04872264318610402
748356,9648.64444444444,9643.811111111107,0.050105942391994895
748357,9648.433333333329,9643.566666666662,0.0504526919621272
748358,9648.227777777773,9643.327777777773,0.05079942865041324
748359,9648.25555555555,9643.022222222216,0.05425595332375565
748360,9647.861111111106,9643.027777777774,0.05011001163472579
748361,9647.616666666663,9642.816666666662,0.04976560056540385
748362,9647.466666666664,9642.599999999997,0.050457748547613
748363,9647.29444444444,9642.494444444439,0.04976726316342364
748364,9647.177777777773,9642.377777777774,0.04976786516594296
748365,9647.055555555553,9642.255555555552,0.04976849585090861
748366,9646.938888888886,9642.138888888885,0.049769097883269386
748367,9646.794444444442,9642.027777777776,0.049424133954377523
748368,9646.872222222219,9641.238888888885,0.0584124935913302
748369,9647.199999999999,9640.633333333331,0.06809128379722122
748370,9647.377777777776,9639.711111111108,0.07950050638367283
748371,9647.32222222222,9639.288888888887,0.08330476813217651
748372,9647.411111111109,9638.811111111108,0.08918283633682457
748373,9647.766666666665,9638.399999999998,0.09713352402844998
748374,9647.844444444443,9638.444444444443,0.09747857718148267
748375,9647.938888888888,9638.505555555554,0.09782345688970809
748376,9647.838888888888,9639.005555555554,0.0915995704613916
748377,9647.672222222222,9639.672222222222,0.08295595096611999
748378,9647.794444444444,9639.827777777777,0.08260911142782922
748379,9649.133333333333,9639.5,0.09988611600268771
748380,9651.41111111111,9639.677777777777,0.12164511190544187
748381,9652.855555555556,9640.322222222223,0.12992502819073135
748382,9654.105555555556,9641.572222222223,0.12990819475403026
748383,9656.361111111111,9642.794444444444,0.1405933708095549
748384,9658.21111111111,9644.877777777778,0.13814714743407688
748385,9660.105555555554,9646.838888888888,0.1374289619451813
748386,9662.177777777775,9648.177777777775,0.14499991944448926
748387,9664.316666666662,9649.649999999996,0.15187627606273937
748388,9666.216666666664,9651.549999999996,0.15184640046383435
748389,9667.961111111108,9652.994444444443,0.15492677495820661
748390,9669.722222222219,9654.688888888886,0.1555890448293042
748391,9671.455555555553,9656.42222222222,0.15556113822923098
748392,9673.266666666663,9657.566666666662,0.16243479760314594
748393,9674.594444444441,9658.894444444442,0.16241248633630556
748394,9675.933333333329,9660.23333333333,0.1623899945697501
748395,9677.272222222216,9661.572222222218,0.16236750903189692
748396,9678.616666666661,9662.883333333328,0.1626898982326457
748397,9679.999999999995,9664.199999999993,0.16335645826657189
748398,9681.183333333327,9666.049999999994,0.15643924971184395
748399,9682.094444444438,9667.661111111105,0.14918362448448094
748400,9683.283333333327,9669.549999999994,0.14192581620262582
748401,9684.438888888884,9671.072222222218,0.13811742392060736
748402,9685.45555555555,9672.622222222217,0.1325889221094674
748403,9686.22777777777,9674.12777777777,0.12499770435805053
748404,9687.22777777777,9675.161111111105,0.12464026764373237
748405,9688.216666666662,9676.183333333327,0.12428304861844079
748406,9689.59444444444,9677.09444444444,0.12908763156898279
748407,9690.79444444444,9678.29444444444,0.12907163647920117
748408,9692.038888888883,9679.372222222217,0.13077691236856445
748409,9692.116666666661,9680.749999999995,0.11734625403915576
748410,9690.69444444444,9682.494444444439,0.08465307438058048
748411,9690.411111111107,9683.244444444439,0.07398362839802612
748412,9690.466666666664,9683.33333333333,0.07363896946735504
748413,9689.777777777776,9683.577777777775,0.06400543243240897
748414,9689.477777777774,9682.877777777776,0.06813833228562456
748415,9689.377777777776,9682.144444444442,0.07468007160568715
748416,9688.916666666664,9682.283333333331,0.06848655048043707
748417,9688.299999999997,9682.333333333332,0.061605282222732365
748418,9687.911111111109,9681.977777777774,0.06126347308825123
748419,9687.655555555551,9681.688888888886,0.06160938160585715
748420,9687.344444444441,9681.244444444443,0.06298858460977415
748421,9687.116666666663,9680.849999999997,0.06471166307252793
748422,9686.716666666664,9681.149999999996,0.05748352941987263
748423,9687.022222222216,9680.65555555555,0.06574527663788192
748424,9687.661111111107,9679.361111111106,0.08571271210168241
748425,9687.849999999997,9678.88333333333,0.09259864854166239
748426,9687.855555555552,9677.122222222219,0.1108530405405431
748427,9686.777777777776,9675.944444444442,0.11189886637841384
748428,9687.094444444441,9674.694444444442,0.12808733811900616
748429,9686.872222222219,9674.67222222222,0.12602300436316227
748430,9686.566666666662,9674.399999999996,0.12568242976847985
748431,9686.53333333333,9674.166666666662,0.12775020186942407
748432,9686.422222222218,9674.055555555551,0.1277516682037819
748433,9686.577777777773,9673.277777777774,0.13739771933559364
748434,9686.811111111107,9672.34444444444,0.14945555476479053
748435,9686.799999999994,9672.099999999995,0.15186813300341362
748436,9686.266666666661,9671.999999999995,0.1473961167322119
748437,9685.899999999994,9671.599999999995,0.14774635154332202
748438,9685.483333333328,9671.31666666666,0.1463740563178613
748439,9685.033333333327,9671.233333333328,0.14258948006501887
748440,9684.744444444437,9671.077777777771,0.14121504640578386
748441,9684.733333333326,9669.933333333325,0.1529346927528359
748442,9683.949999999992,9669.149999999992,0.15294707307872418
748443,9682.955555555547,9668.38888888888,0.15054940196518965
748444,9682.116666666658,9667.783333333324,0.14814891377561595
748445,9681.033333333324,9667.333333333323,0.141614020821748
748446,9681.105555555547,9666.505555555546,0.1509230252371133
748447,9681.105555555547,9665.572222222214,0.16057881887271572
748448,9680.811111111103,9663.944444444436,0.17437973427193731
748449,9679.77777777777,9662.67777777777,0.17681312438212018
748450,9678.672222222212,9661.33888888888,0.17924843200709323
748451,9677.355555555547,9660.18888888888,0.17754753418651306
748452,9676.08888888888,9658.922222222212,0.1775707970170532
748453,9674.605555555547,9658.23888888888,0.16931462634687458
748454,9674.205555555547,9657.805555555546,0.16966677606113664
748455,9673.73888888888,9657.63888888888,0.16656857245330953
748456,9673.811111111103,9658.77777777777,0.15552322991746895
748457,9675.183333333323,9658.04999999999,0.17724229608084072
748458,9674.927777777768,9657.627777777767,0.1789727172932359
748459,9674.2111111111,9656.844444444434,0.17967634117812872
748460,9673.394444444433,9656.427777777768,0.17554912271422643
748461,9672.577777777768,9655.811111111101,0.17349264610776663
748462,9671.844444444434,9655.077777777768,0.17350581198477655
748463,9670.838888888879,9655.005555555545,0.16385657432822326
748464,9669.761111111098,9655.094444444432,0.15179069902491116
748465,9668.916666666655,9654.516666666656,0.14904183694063672
748466,9668.211111111099,9653.877777777765,0.1483621508601619
748467,9667.522222222211,9653.222222222212,0.14802742245380882
748468,9666.855555555545,9652.555555555544,0.14803763859838143
748469,9666.199999999988,9651.866666666656,0.1483930414016462
748470,9665.522222222211,9651.222222222212,0.14805807511847074
748471,9664.683333333323,9651.516666666657,0.13632771110949435
748472,9664.627777777767,9651.427777777768,0.13667386658765768
748473,9664.455555555547,9651.355555555547,0.13564017503220263
748474,9664.183333333323,9651.24999999999,0.13391709220432535
748475,9663.977777777767,9651.0111111111,0.13426532876885422
748476,9666.6111111111,9650.244444444434,0.16945477093407915
748477,9668.0111111111,9652.5111111111,0.16045114952609418
748478,9669.688888888877,9655.522222222211,0.14661331858383572
748479,9671.916666666655,9658.583333333321,0.1379512514765159
748480,9674.377777777767,9661.144444444433,0.13688105427144434
748481,9677.844444444434,9660.277777777768,0.18167913580026032
748482,9679.28888888888,9659.38888888888,0.20580517684478816
748483,9679.211111111103,9659.244444444435,0.2064970142967921
748484,9679.28888888888,9658.822222222214,0.21167182822634428
748485,9679.094444444436,9658.961111111103,0.20822500251375273
748486,9678.733333333324,9659.066666666657,0.20340128315183628
748487,9678.072222222214,9660.605555555547,0.18063971970967166
748488,9677.555555555546,9662.08888888888,0.1599477871591206
748489,9678.105555555547,9662.73888888888,0.1589037822087525
748490,9678.68888888888,9663.322222222214,0.15889419748951902
748491,9679.272222222213,9663.905555555546,0.1588846139264733
748492,9679.855555555547,9664.48888888888,0.15887503151940618
748493,9680.444444444436,9665.044444444437,0.15921024367437583
748494,9681.038888888881,9665.605555555549,0.15954532454091086
748495,9682.311111111105,9665.944444444438,0.16917976527312678
748496,9683.12777777777,9666.761111111105,0.16916548472857706
748497,9683.938888888883,9667.605555555549,0.16880650927087137
748498,9684.755555555548,9668.422222222214,0.16879226265454603
748499,9686.149999999994,9668.983333333328,0.17738618867689956
748500,9686.994444444437,9669.861111111104,0.17702599767983324
748501,9687.849999999993,9670.716666666658,0.17701035028421572
748502,9688.799999999992,9671.566666666658,0.1780269313081218
748503,9690.199999999992,9672.26666666666,0.1852381067150449
748504,9691.999999999993,9672.966666666658,0.19657491449336875
748505,9693.638888888881,9674.172222222214,0.20102082321010808
748506,9691.549999999992,9676.249999999993,0.15799419655303426
748507,9690.772222222215,9675.572222222216,0.1569733518228247
748508,9690.033333333327,9674.833333333327,0.15698533082249372
748509,9693.238888888884,9673.038888888883,0.2086100409359989
748510,9694.294444444438,9674.394444444439,0.20548628886713707
748511,9695.65555555555,9678.688888888884,0.17514571102332704
748512,9699.549999999994,9681.083333333327,0.19056824768368938
748513,9703.70555555555,9683.172222222218,0.21182712934693596
748514,9706.58333333333,9686.98333333333,0.20212888466450601
748515,9709.799999999996,9689.83333333333,0.20584581495525184
748516,9712.544444444442,9692.811111111108,0.20338028104498326
748517,9715.438888888886,9695.205555555553,0.20847667774497408
748518,9718.366666666665,9697.699999999999,0.21288211481212535
748519,9721.205555555554,9700.338888888888,0.21488164060645265
748520,9724.011111111111,9703.077777777777,0.2155066407845274
748521,9726.827777777777,9705.861111111111,0.21578760187586327
748522,9729.622222222222,9708.655555555557,0.21572555867716675
748523,9732.411111111112,9711.47777777778,0.21532043772678344
748524,9735.205555555556,9714.272222222224,0.2152585644972957
748525,9739.116666666667,9716.916666666666,0.22820684586273043
748526,9742.761111111111,9720.527777777777,0.22846429974151014
748527,9746.405555555555,9724.138888888887,0.22872156174371
748528,9750.033333333333,9727.766666666666,0.2286363620805884
748529,9753.533333333333,9730.533333333333,0.2360903439049343
748530,9756.955555555556,9733.922222222223,0.23634988219559763
748531,9763.155555555557,9736.755555555555,0.27077046505056784
748532,9768.855555555556,9739.622222222222,0.299698763443588
748533,9777.266666666666,9741.133333333333,0.370248927507718
748534,9782.155555555557,9743.888888888889,0.39195513229056367
748535,9785.677777777779,9745.944444444445,0.40686157945576823
748536,9790.594444444445,9746.261111111113,0.45384307835275334
748537,9792.894444444446,9747.961111111112,0.4598911568184592
748538,9795.4,9749.2,0.47276485576577587
748539,9793.577777777777,9752.111111111111,0.4243049902450646
748540,9794.672222222223,9751.872222222222,0.4379290684514396
748541,9795.8,9752.433333333332,0.4436888584987232
748542,9796.616666666667,9755.75,0.41802271165809546
748543,9798.7,9758.066666666668,0.41554244651893596
748544,9799.288888888888,9760.088888888888,0.4008307467176945
748545,9800.338888888888,9761.47222222222,0.39737288583254454
748546,9801.76111111111,9761.961111111108,0.4068755377725892
748547,9804.877777777776,9762.211111111108,0.43610643268346394
748548,9807.811111111108,9761.177777777775,0.47660442343867077
748549,9810.949999999999,9759.449999999999,0.5263050320892778
748550,9814.688888888888,9757.922222222222,0.5800622752315427
748551,9816.22222222222,9757.22222222222,0.6028576132061013
748552,9820.01111111111,9755.577777777775,0.6583028863045515
748553,9823.794444444442,9754.994444444443,0.7028013876695285
748554,9826.288888888887,9756.222222222219,0.7156045133242563
748555,9826.494444444443,9758.594444444441,0.6933846497732552
748556,9827.649999999998,9759.483333333332,0.6960351523278827
748557,9831.649999999998,9757.249999999998,0.7596138629529953
748558,9836.116666666665,9754.983333333332,0.8282672574111024
748559,9836.722222222219,9757.155555555551,0.8121584463174243
748560,9837.977777777773,9758.377777777774,0.8123959557105712
748561,9836.427777777773,9760.19444444444,0.7780252379094839
748562,9835.716666666664,9760.416666666662,0.7685189595226384
748563,9830.955555555553,9762.888888888885,0.6947760237625737
748564,9829.161111111109,9763.727777777774,0.6679294074947928
748565,9828.494444444443,9764.961111111108,0.6485158593203878
748566,9826.366666666665,9767.799999999997,0.5977969633819677
748567,9827.038888888888,9769.005555555554,0.5922964044898087
748568,9827.483333333334,9770.683333333332,0.5796460553283156
748569,9828.266666666666,9771.766666666666,0.576529631752327
748570,9829.966666666667,9772.766666666666,0.5835920840971232
748571,9829.81111111111,9774.244444444445,0.5668895041558762
748572,9831.244444444445,9773.644444444444,0.5876085330189786
748573,9831.527777777777,9773.794444444444,0.5889557200737466
748574,9832.43888888889,9774.172222222223,0.5943573454532034
748575,9832.944444444443,9774.744444444445,0.5936446700047263
748576,9833.355555555556,9776.08888888889,0.5840723007621019
748577,9832.005555555555,9777.905555555557,0.5517618075213518
748578,9830.833333333334,9780.666666666666,0.511604585744771
748579,9829.21111111111,9784.144444444444,0.45955080495035844
748580,9827.02222222222,9787.322222222221,0.4048057798969011
748581,9827.188888888888,9788.855555555554,0.3908365261090191
748582,9824.55,9791.616666666667,0.335777462467174
748583,9821.9,9793.333333333334,0.29127022025397636
748584,9820.644444444446,9792.677777777779,0.285180311115069
748585,9819.422222222223,9791.422222222223,0.2855562908504138
748586,9817.988888888889,9790.055555555557,0.2849170748513562
748587,9813.58888888889,9791.888888888889,0.2213667042034245
748588,9808.716666666667,9793.783333333333,0.15236151851380492
748589,9807.483333333334,9791.85,0.1595292356882875
748590,9805.83888888889,9790.072222222223,0.160917923920634
748591,9804.12777777778,9788.327777777778,0.16128657232575327
748592,9801.966666666669,9788.166666666668,0.14088724936363634
748593,9801.033333333335,9787.133333333335,0.1419224191476109
748594,9800.58888888889,9786.388888888889,0.14499429326060914
748595,9799.944444444443,9785.744444444445,0.14500383499969388
748596,9799.294444444444,9785.094444444443,0.14501346026739728
748597,9798.611111111111,9784.444444444443,0.14468290330360534
748598,9798.93333333333,9783.299999999997,0.15966854308412096
748599,9799.516666666665,9782.383333333331,0.17499153129505526
748600,9797.838888888886,9782.738888888885,0.15423446816914188
748601,9796.799999999997,9782.033333333331,0.15084317247367238
748602,9793.97222222222,9782.572222222221,0.1164659067625676
748603,9792.288888888888,9782.922222222222,0.09569926590830138
748604,9791.172222222222,9782.438888888888,0.08923579081813915
748605,9790.45,9781.716666666667,0.08924237650405159
748606,9790.183333333332,9780.916666666666,0.09469745355822028
748607,9789.711111111112,9780.677777777779,0.09231633959467747
748608,9789.216666666669,9780.650000000001,0.08754956599943634
748609,9789.055555555558,9780.455555555558,0.0878918226538371
748610,9788.900000000001,9780.266666666668,0.08823404164714774
748611,9788.58888888889,9780.855555555556,0.07903477643719198
748612,9788.844444444443,9781.144444444444,0.07869191999767237
748613,9789.111111111111,9781.41111111111,0.0786897754956934
748614,9789.422222222222,9781.488888888887,0.08107270313879526
748615,9790.127777777778,9781.16111111111,0.09163082429137054
748616,9790.133333333333,9781.166666666666,0.09163077227028509
748617,9790.222222222223,9781.122222222222,0.09299310045696431
748618,9790.22777777778,9781.094444444445,0.09333384050020498
748619,9790.116666666669,9781.516666666668,0.08788229222906309
